965	5539
571	39	123
571	102	123
510	53	140
510	54	140
510	55	140
510	57	140
510	58	140
510	59	140
510	60	140
510	61	140
510	62	140
510	63	140
510	68	140
510	71	140
510	73	140
510	86	140
510	118	140
510	128	140
510	192	140
346	12	52
346	17	52
346	83	52
346	84	52
346	101	52
346	113	52
346	114	52
346	130	52
346	154	52
346	196	52
346	202	52
346	203	52
346	204	52
346	205	52
470	47	377
470	48	377
391	71	104
391	73	104
391	82	104
391	86	104
391	118	104
391	128	104
391	192	104
264	114	81
264	130	81
264	196	81
264	202	81
264	203	81
264	204	81
264	205	81
413	8	130
413	134	130
121	306	275
121	411	275
121	412	275
121	458	275
121	526	275
121	535	275
121	536	275
121	575	275
121	623	275
121	677	275
121	709	275
121	710	275
121	720	275
121	721	275
121	722	275
121	723	275
121	831	275
121	895	275
121	896	275
121	927	275
196	18	267
196	24	267
196	49	267
196	111	267
196	115	267
196	116	267
196	140	267
196	189	267
196	51	267
196	69	267
196	70	267
196	152	267
196	223	267
196	225	267
196	226	267
196	227	267
196	228	267
196	229	267
196	230	267
196	231	267
196	232	267
196	233	267
196	234	267
196	235	267
196	236	267
196	273	267
196	274	267
196	275	267
196	276	267
196	277	267
196	278	267
196	279	267
196	300	267
196	301	267
196	374	267
196	375	267
196	574	267
196	957	267
196	959	267
196	961	267
196	962	267
196	963	267
196	964	267
471	52	309
471	93	309
471	132	309
471	165	309
471	179	309
471	200	309
122	306	387
122	411	387
122	412	387
122	458	387
122	526	387
122	535	387
122	536	387
122	575	387
122	623	387
122	677	387
122	709	387
122	710	387
122	720	387
122	721	387
122	722	387
122	723	387
122	831	387
122	895	387
122	896	387
122	927	387
770	30	48
770	41	48
770	131	48
770	138	48
770	144	48
770	217	48
392	71	209
392	73	209
392	82	209
392	86	209
392	118	209
392	128	209
392	192	209
795	52	42
795	93	42
795	132	42
795	165	42
795	179	42
795	200	42
800	19	36
800	20	36
800	123	36
800	163	36
0	516	397
0	531	397
0	688	397
0	689	397
0	819	397
0	894	397
1	516	240
1	531	240
1	688	240
1	689	240
1	819	240
1	894	240
2	3	149
2	542	149
2	624	149
2	647	149
2	650	149
2	727	149
628	30	349
628	41	349
628	131	349
628	138	349
628	144	349
628	217	349
619	18	89
619	24	89
619	49	89
619	111	89
619	115	89
619	116	89
619	140	89
619	189	89
872	98	148
872	108	148
872	153	148
872	190	148
872	218	148
555	21	389
555	22	389
555	103	389
414	16	76
414	88	76
123	219	28
123	348	28
123	350	28
123	399	28
123	428	28
123	429	28
123	435	28
123	474	28
123	489	28
123	507	28
123	525	28
123	556	28
123	578	28
123	584	28
123	609	28
123	615	28
123	733	28
123	797	28
123	862	28
123	863	28
123	945	28
123	954	28
831	11	383
831	15	383
831	76	383
831	134	383
831	155	383
831	158	383
831	177	383
831	198	383
730	129	248
730	145	248
730	146	248
730	181	248
730	201	248
641	53	239
641	54	239
641	55	239
641	57	239
641	58	239
641	59	239
641	60	239
641	61	239
641	62	239
641	63	239
641	68	239
641	71	239
641	73	239
641	86	239
641	118	239
641	128	239
641	192	239
941	52	127
941	93	127
941	132	127
941	165	127
941	179	127
941	200	127
124	66	159
124	287	159
124	288	159
124	309	159
124	315	159
124	369	159
124	370	159
124	371	159
124	372	159
124	389	159
124	419	159
124	573	159
124	576	159
124	665	159
124	680	159
124	706	159
124	868	159
124	902	159
124	936	159
124	947	159
323	21	385
323	22	385
323	103	385
197	286	156
197	333	156
197	362	156
197	363	156
197	364	156
197	533	156
197	620	156
197	652	156
197	823	156
197	956	156
329	23	289
329	25	289
329	26	289
329	29	289
329	31	289
329	32	289
329	33	289
329	34	289
329	35	289
329	36	289
329	37	289
329	40	289
329	42	289
329	43	289
329	44	289
329	45	289
329	46	289
329	50	289
329	79	289
329	80	289
329	82	289
329	89	289
329	92	289
329	95	289
329	96	289
329	109	289
329	128	289
329	192	289
806	132	208
806	179	208
806	200	208
292	52	145
292	93	145
292	132	145
292	165	145
292	179	145
292	200	145
612	47	32
612	48	32
740	47	256
740	48	256
594	47	320
594	48	320
3	294	219
3	396	219
3	442	219
3	565	219
3	626	219
3	952	219
3	7	219
3	67	219
3	105	219
3	106	219
3	107	219
3	117	219
3	134	219
3	156	219
3	174	219
3	175	219
3	176	219
3	178	219
3	208	219
3	209	219
3	219	219
3	220	219
477	81	185
477	150	185
477	180	185
125	66	212
125	287	212
125	288	212
125	309	212
125	315	212
125	369	212
125	370	212
125	371	212
125	372	212
125	389	212
125	419	212
125	573	212
125	576	212
125	665	212
125	680	212
125	706	212
125	868	212
125	902	212
125	936	212
125	947	212
126	516	244
126	531	244
126	688	244
126	689	244
126	819	244
126	894	244
312	16	183
312	88	183
928	129	315
928	145	315
928	146	315
928	181	315
928	201	315
741	52	246
741	93	246
741	132	246
741	165	246
741	179	246
741	200	246
4	268	82
4	271	82
4	459	82
4	527	82
4	530	82
4	550	82
4	707	82
4	810	82
4	933	82
4	940	82
832	52	258
832	93	258
832	132	258
832	165	258
832	179	258
832	200	258
293	53	254
293	54	254
293	55	254
293	57	254
293	58	254
293	59	254
293	60	254
293	61	254
293	62	254
293	63	254
293	68	254
293	71	254
293	73	254
293	86	254
293	118	254
293	128	254
293	192	254
908	69	230
908	151	230
908	167	230
908	212	230
908	215	230
5	516	35
5	531	35
5	688	35
5	689	35
5	819	35
5	894	35
852	52	154
852	93	154
852	132	154
852	165	154
852	179	154
852	200	154
517	52	255
517	93	255
517	132	255
517	165	255
517	179	255
517	200	255
543	71	391
543	73	391
543	86	391
543	118	391
543	128	391
543	192	391
310	47	18
310	48	18
848	30	135
848	41	135
848	131	135
848	138	135
848	144	135
848	217	135
829	30	127
829	41	127
829	131	127
829	138	127
829	144	127
829	217	127
731	47	69
731	48	69
397	8	168
397	134	168
6	516	342
6	531	342
6	688	342
6	689	342
6	819	342
6	894	342
649	52	319
649	93	319
649	132	319
649	165	319
649	179	319
649	200	319
531	9	215
531	74	215
531	75	215
531	135	215
531	139	215
531	147	215
531	148	215
531	164	215
531	168	215
531	170	215
531	171	215
531	199	215
531	206	215
531	207	215
732	47	353
732	48	353
759	98	226
759	108	226
759	153	226
759	190	226
759	218	226
398	39	287
398	102	287
642	52	398
642	93	398
642	132	398
642	165	398
642	179	398
642	200	398
198	306	129
198	411	129
198	412	129
198	458	129
198	535	129
198	575	129
198	623	129
198	677	129
198	710	129
198	720	129
198	721	129
198	722	129
198	723	129
198	895	129
198	927	129
199	516	0
199	688	0
199	689	0
199	819	0
199	894	0
572	81	187
572	150	187
572	180	187
200	102	322
200	166	322
200	201	322
200	224	322
200	239	322
200	241	322
200	243	322
200	246	322
200	248	322
200	257	322
200	259	322
200	272	322
200	280	322
200	283	322
200	284	322
200	289	322
200	296	322
200	305	322
200	316	322
200	320	322
200	330	322
200	334	322
200	340	322
200	343	322
200	347	322
200	351	322
200	357	322
200	361	322
200	366	322
200	373	322
200	376	322
200	387	322
200	390	322
200	395	322
200	400	322
200	402	322
200	404	322
200	421	322
200	422	322
200	425	322
200	427	322
200	432	322
200	440	322
200	446	322
200	450	322
200	456	322
200	462	322
200	466	322
200	467	322
200	468	322
200	469	322
200	472	322
200	476	322
200	478	322
200	479	322
200	484	322
200	485	322
200	504	322
200	511	322
200	522	322
200	545	322
200	547	322
200	549	322
200	553	322
200	554	322
200	561	322
200	566	322
200	580	322
200	582	322
200	586	322
200	590	322
200	601	322
200	613	322
200	616	322
200	622	322
200	643	322
200	664	322
200	668	322
200	678	322
200	693	322
200	694	322
200	696	322
200	705	322
200	712	322
200	714	322
200	718	322
200	735	322
200	744	322
200	753	322
200	758	322
200	760	322
200	763	322
200	772	322
200	781	322
200	788	322
200	793	322
200	796	322
200	798	322
200	802	322
200	804	322
200	805	322
200	813	322
200	820	322
200	843	322
200	844	322
200	847	322
200	859	322
200	861	322
200	876	322
200	877	322
200	878	322
200	880	322
200	881	322
200	888	322
200	891	322
200	904	322
200	907	322
200	911	322
200	912	322
200	926	322
200	929	322
200	934	322
200	939	322
200	942	322
200	943	322
200	946	322
200	949	322
200	955	322
200	958	322
893	38	204
893	87	204
893	136	204
893	137	204
893	141	204
893	172	204
893	173	204
893	211	204
893	214	204
127	342	139
127	563	139
127	564	139
127	669	139
912	52	344
912	93	344
912	132	344
912	165	344
912	179	344
877	52	351
877	93	351
877	132	351
877	165	351
877	179	351
894	9	349
894	74	349
894	75	349
894	135	349
894	139	349
894	147	349
894	148	349
894	164	349
894	168	349
894	170	349
894	171	349
894	206	349
894	207	349
708	21	42
708	22	42
708	103	42
361	52	293
361	93	293
361	132	293
361	165	293
361	179	293
518	16	153
518	88	153
317	53	136
317	54	136
317	55	136
317	57	136
317	58	136
317	59	136
317	60	136
317	61	136
317	62	136
317	63	136
317	68	136
317	71	136
317	73	136
317	86	136
317	118	136
317	128	136
317	192	136
540	18	22
540	24	22
540	49	22
540	111	22
540	115	22
540	116	22
540	140	22
540	189	22
691	39	17
691	102	17
573	78	51
573	119	51
573	120	51
573	166	51
201	52	66
201	93	66
201	132	66
201	165	66
201	179	66
201	339	66
201	508	66
201	524	66
201	745	66
201	767	66
201	773	66
201	938	66
201	953	66
335	52	273
335	93	273
335	165	273
629	39	138
629	102	138
935	16	231
935	88	231
577	53	28
577	54	28
577	55	28
577	57	28
577	58	28
577	59	28
577	60	28
577	61	28
577	62	28
577	63	28
577	68	28
577	71	28
577	73	28
577	86	28
577	118	28
577	128	28
577	192	28
7	542	143
7	624	143
7	647	143
7	650	143
7	727	143
658	21	253
658	22	253
658	103	253
464	23	127
464	25	127
464	26	127
464	29	127
464	31	127
464	32	127
464	33	127
464	34	127
464	35	127
464	36	127
464	37	127
464	40	127
464	42	127
464	43	127
464	44	127
464	45	127
464	46	127
464	50	127
464	79	127
464	80	127
464	82	127
464	89	127
464	92	127
464	95	127
464	96	127
464	109	127
464	128	127
464	192	127
913	98	326
913	108	326
913	153	326
913	190	326
913	218	326
737	81	59
737	150	59
737	180	59
766	47	213
766	48	213
128	38	30
128	108	30
128	242	30
128	244	30
128	249	30
128	250	30
128	253	30
128	266	30
128	282	30
128	311	30
128	319	30
128	326	30
128	331	30
128	336	30
128	341	30
128	349	30
128	358	30
128	359	30
128	378	30
128	384	30
128	401	30
128	403	30
128	408	30
128	418	30
128	420	30
128	436	30
128	441	30
128	443	30
128	447	30
128	448	30
128	475	30
128	483	30
128	486	30
128	493	30
128	494	30
128	497	30
128	498	30
128	529	30
128	532	30
128	541	30
128	560	30
128	567	30
128	583	30
128	585	30
128	595	30
128	596	30
128	602	30
128	604	30
128	627	30
128	630	30
128	651	30
128	655	30
128	660	30
128	661	30
128	701	30
128	702	30
128	711	30
128	734	30
128	752	30
128	755	30
128	776	30
128	779	30
128	780	30
128	787	30
128	791	30
128	799	30
128	803	30
128	808	30
128	809	30
128	811	30
128	814	30
128	824	30
128	838	30
128	845	30
128	856	30
128	865	30
128	869	30
128	887	30
128	897	30
128	900	30
128	918	30
128	919	30
128	922	30
128	937	30
128	944	30
128	951	30
393	47	21
393	48	21
330	52	247
330	93	247
330	132	247
330	165	247
330	179	247
532	23	74
532	25	74
532	26	74
532	29	74
532	31	74
532	32	74
532	33	74
532	34	74
532	35	74
532	36	74
532	37	74
532	40	74
532	42	74
532	43	74
532	44	74
532	45	74
532	46	74
532	50	74
532	79	74
532	80	74
532	82	74
532	89	74
532	92	74
532	95	74
532	96	74
532	109	74
532	192	74
511	52	70
511	93	70
511	132	70
511	165	70
511	179	70
451	18	255
451	24	255
451	49	255
451	111	255
451	115	255
451	116	255
451	140	255
451	189	255
129	339	359
129	508	359
129	524	359
129	745	359
129	767	359
129	773	359
129	938	359
129	953	359
578	19	191
578	20	191
578	163	191
559	18	81
559	24	81
559	49	81
559	111	81
559	115	81
559	116	81
559	140	81
559	189	81
8	237	119
8	265	119
8	380	119
8	449	119
8	461	119
8	480	119
8	528	119
8	610	119
8	646	119
8	676	119
8	854	119
8	889	119
8	890	119
8	903	119
8	931	119
633	165	158
749	47	18
749	48	18
130	51	355
130	69	355
130	70	355
130	152	355
130	223	355
130	225	355
130	226	355
130	227	355
130	228	355
130	229	355
130	230	355
130	231	355
130	232	355
130	233	355
130	234	355
130	235	355
130	236	355
130	273	355
130	274	355
130	275	355
130	276	355
130	277	355
130	278	355
130	279	355
130	300	355
130	301	355
130	374	355
130	375	355
130	574	355
130	957	355
130	959	355
130	961	355
130	962	355
130	963	355
130	964	355
383	39	164
383	102	164
659	39	290
659	102	290
738	16	267
738	88	267
9	516	120
9	688	120
9	689	120
9	819	120
377	30	91
377	41	91
377	131	91
377	138	91
377	144	91
377	217	91
202	51	294
202	69	294
202	70	294
202	152	294
202	223	294
202	225	294
202	226	294
202	227	294
202	228	294
202	229	294
202	230	294
202	231	294
202	232	294
202	233	294
202	234	294
202	235	294
202	236	294
202	273	294
202	274	294
202	275	294
202	276	294
202	277	294
202	278	294
202	279	294
202	300	294
202	301	294
202	374	294
202	375	294
202	574	294
202	957	294
202	959	294
202	961	294
202	962	294
202	963	294
202	964	294
504	52	168
504	93	168
504	132	168
504	165	168
504	179	168
843	52	133
843	93	133
843	132	133
843	165	133
843	179	133
488	166	3
825	166	354
327	47	183
327	48	183
131	139	100
131	247	100
131	254	100
131	267	100
131	270	100
131	281	100
131	297	100
131	302	100
131	303	100
131	307	100
131	322	100
131	325	100
131	338	100
131	345	100
131	368	100
131	409	100
131	434	100
131	460	100
131	481	100
131	492	100
131	505	100
131	519	100
131	551	100
131	557	100
131	558	100
131	568	100
131	581	100
131	587	100
131	589	100
131	592	100
131	621	100
131	632	100
131	673	100
131	686	100
131	775	100
131	790	100
131	807	100
131	836	100
131	849	100
131	864	100
131	866	100
131	882	100
131	886	100
131	898	100
131	901	100
131	905	100
131	923	100
131	925	100
131	932	100
131	948	100
771	98	21
771	108	21
771	153	21
771	190	21
771	218	21
203	51	87
203	69	87
203	70	87
203	152	87
203	223	87
203	225	87
203	226	87
203	227	87
203	228	87
203	229	87
203	230	87
203	231	87
203	232	87
203	233	87
203	234	87
203	235	87
203	236	87
203	273	87
203	274	87
203	275	87
203	276	87
203	277	87
203	278	87
203	279	87
203	300	87
203	301	87
203	374	87
203	375	87
203	574	87
203	957	87
203	959	87
203	961	87
203	962	87
203	963	87
203	964	87
426	39	105
426	102	105
415	38	326
415	87	326
415	136	326
415	137	326
415	141	326
415	172	326
415	173	326
415	211	326
415	214	326
416	38	330
416	87	330
416	136	330
416	137	330
416	141	330
416	172	330
416	173	330
416	211	330
416	214	330
294	10	48
953	145	368
953	146	368
953	181	368
789	39	289
789	102	289
204	51	62
204	69	62
204	70	62
204	152	62
204	223	62
204	225	62
204	226	62
204	227	62
204	228	62
204	229	62
204	230	62
204	231	62
204	232	62
204	233	62
204	234	62
204	235	62
204	236	62
204	273	62
204	274	62
204	275	62
204	276	62
204	277	62
204	278	62
204	279	62
204	300	62
204	301	62
204	374	62
204	375	62
204	574	62
204	957	62
204	959	62
204	961	62
204	962	62
204	963	62
204	964	62
787	53	78
787	54	78
787	55	78
787	57	78
787	58	78
787	59	78
787	60	78
787	61	78
787	62	78
787	63	78
787	68	78
787	71	78
787	73	78
787	86	78
787	118	78
787	192	78
878	52	25
878	93	25
878	132	25
878	165	25
878	179	25
819	74	7
819	75	7
819	135	7
819	139	7
819	147	7
819	148	7
819	164	7
819	168	7
819	170	7
819	171	7
819	206	7
819	207	7
783	16	113
783	88	113
914	21	72
914	22	72
914	103	72
356	16	12
356	88	12
910	47	187
910	48	187
205	51	61
205	69	61
205	70	61
205	152	61
205	223	61
205	225	61
205	226	61
205	227	61
205	228	61
205	229	61
205	230	61
205	231	61
205	232	61
205	233	61
205	234	61
205	235	61
205	236	61
205	273	61
205	274	61
205	275	61
205	276	61
205	277	61
205	278	61
205	279	61
205	300	61
205	301	61
205	374	61
205	375	61
205	574	61
205	957	61
205	959	61
205	961	61
205	962	61
205	963	61
205	964	61
541	23	198
541	25	198
541	26	198
541	29	198
541	31	198
541	32	198
541	33	198
541	34	198
541	35	198
541	36	198
541	37	198
541	40	198
541	42	198
541	43	198
541	44	198
541	45	198
541	46	198
541	50	198
541	79	198
541	80	198
541	82	198
541	89	198
541	92	198
541	95	198
541	96	198
541	109	198
541	192	198
820	52	20
820	93	20
820	132	20
820	165	20
820	179	20
719	16	69
719	88	69
286	65	224
286	77	224
286	94	224
286	97	224
286	112	224
286	160	224
286	210	224
286	213	224
286	221	224
286	222	224
384	53	143
384	54	143
384	55	143
384	57	143
384	58	143
384	59	143
384	60	143
384	61	143
384	62	143
384	63	143
384	68	143
384	71	143
384	73	143
384	86	143
384	118	143
384	192	143
132	102	68
132	166	68
132	224	68
132	239	68
132	241	68
132	243	68
132	257	68
132	259	68
132	272	68
132	280	68
132	283	68
132	296	68
132	305	68
132	316	68
132	320	68
132	334	68
132	340	68
132	343	68
132	347	68
132	351	68
132	357	68
132	366	68
132	373	68
132	376	68
132	387	68
132	390	68
132	395	68
132	400	68
132	402	68
132	404	68
132	422	68
132	425	68
132	427	68
132	432	68
132	440	68
132	446	68
132	450	68
132	456	68
132	462	68
132	466	68
132	467	68
132	468	68
132	469	68
132	476	68
132	478	68
132	479	68
132	485	68
132	522	68
132	547	68
132	549	68
132	553	68
132	554	68
132	561	68
132	582	68
132	586	68
132	590	68
132	601	68
132	616	68
132	643	68
132	664	68
132	668	68
132	678	68
132	693	68
132	705	68
132	718	68
132	735	68
132	744	68
132	753	68
132	758	68
132	760	68
132	763	68
132	772	68
132	781	68
132	788	68
132	793	68
132	796	68
132	798	68
132	804	68
132	805	68
132	813	68
132	847	68
132	859	68
132	861	68
132	876	68
132	880	68
132	881	68
132	888	68
132	891	68
132	904	68
132	907	68
132	911	68
132	926	68
132	934	68
132	939	68
132	942	68
132	946	68
132	958	68
10	396	167
10	442	167
10	565	167
10	626	167
10	952	167
437	98	26
437	108	26
437	153	26
437	190	26
437	218	26
911	52	116
911	93	116
911	165	116
911	179	116
821	39	40
821	102	40
11	306	193
11	411	193
11	412	193
11	458	193
11	535	193
11	575	193
11	623	193
11	677	193
11	710	193
11	720	193
11	721	193
11	722	193
11	723	193
11	895	193
11	927	193
382	18	386
382	24	386
382	49	386
382	111	386
382	115	386
382	116	386
382	140	386
382	189	386
266	53	367
266	54	367
266	55	367
266	57	367
266	58	367
266	59	367
266	60	367
266	61	367
266	62	367
266	63	367
266	68	367
266	71	367
266	73	367
266	86	367
266	118	367
266	192	367
265	134	347
133	333	67
133	362	67
133	363	67
133	364	67
133	533	67
133	620	67
133	652	67
133	823	67
133	956	67
634	47	114
634	48	114
12	152	314
12	223	314
12	225	314
12	226	314
12	227	314
12	228	314
12	229	314
12	230	314
12	231	314
12	232	314
12	233	314
12	235	314
12	236	314
12	273	314
12	274	314
12	275	314
12	276	314
12	277	314
12	278	314
12	279	314
12	300	314
12	301	314
12	374	314
12	375	314
12	957	314
643	52	371
643	93	371
643	165	371
643	179	371
815	192	159
544	152	278
544	159	278
544	188	278
544	194	278
206	516	268
206	688	268
206	689	268
494	53	317
494	54	317
494	55	317
494	57	317
494	58	317
494	59	317
494	60	317
494	61	317
494	62	317
494	63	317
494	68	317
494	71	317
494	73	317
494	86	317
494	118	317
494	192	317
498	23	344
498	25	344
498	26	344
498	29	344
498	31	344
498	32	344
498	33	344
498	34	344
498	35	344
498	36	344
498	37	344
498	40	344
498	42	344
498	43	344
498	44	344
498	45	344
498	46	344
498	50	344
498	79	344
498	80	344
498	82	344
498	89	344
498	92	344
498	95	344
498	96	344
498	109	344
498	192	344
134	237	67
134	306	67
134	411	67
134	412	67
134	449	67
134	458	67
134	461	67
134	480	67
134	526	67
134	528	67
134	535	67
134	536	67
134	537	67
134	542	67
134	575	67
134	610	67
134	624	67
134	646	67
134	647	67
134	650	67
134	676	67
134	677	67
134	709	67
134	710	67
134	721	67
134	727	67
134	854	67
134	889	67
134	890	67
134	895	67
134	896	67
134	903	67
134	927	67
134	931	67
135	516	3
135	688	3
135	689	3
13	69	54
13	70	54
13	574	54
13	959	54
13	961	54
13	962	54
13	963	54
13	964	54
14	69	357
14	70	357
14	574	357
14	959	357
14	961	357
14	962	357
14	963	357
14	964	357
301	17	118
301	83	118
301	84	118
301	101	118
301	113	118
301	114	118
301	154	118
895	15	61
895	76	61
895	155	61
895	158	61
895	177	61
896	155	221
896	177	221
252	98	278
252	108	278
252	153	278
252	190	278
252	218	278
454	47	188
454	48	188
440	52	94
440	93	94
440	165	94
440	179	94
373	52	200
373	93	200
373	165	200
373	179	200
560	23	361
560	25	361
560	26	361
560	29	361
560	31	361
560	32	361
560	33	361
560	34	361
560	35	361
560	36	361
560	37	361
560	40	361
560	42	361
560	43	361
560	44	361
560	45	361
560	46	361
560	50	361
560	79	361
560	80	361
560	82	361
560	89	361
560	92	361
560	95	361
560	96	361
560	109	361
560	192	361
136	444	158
136	608	158
207	516	83
207	688	83
207	689	83
465	39	50
465	102	50
947	78	73
947	119	73
947	120	73
947	166	73
15	306	306
15	411	306
15	412	306
15	458	306
15	535	306
15	575	306
15	623	306
15	677	306
15	710	306
15	720	306
15	721	306
15	722	306
15	723	306
15	927	306
864	30	96
864	41	96
864	138	96
864	144	96
864	217	96
561	52	220
561	93	220
561	165	220
561	179	220
942	52	134
942	93	134
942	165	134
942	179	134
790	30	360
790	41	360
790	138	360
790	144	360
790	217	360
472	165	105
472	179	105
873	47	281
873	48	281
742	39	207
742	102	207
16	256	45
16	285	45
16	388	45
16	405	45
16	410	45
16	490	45
16	512	45
16	513	45
16	539	45
16	552	45
16	599	45
16	600	45
16	605	45
16	618	45
16	638	45
16	645	45
16	703	45
16	765	45
16	786	45
16	794	45
16	834	45
16	840	45
939	52	119
939	93	119
939	165	119
939	179	119
137	444	348
137	608	348
727	67	51
727	105	51
727	106	51
727	107	51
727	117	51
727	156	51
727	174	51
727	175	51
727	176	51
727	178	51
727	208	51
727	209	51
727	219	51
727	220	51
401	53	20
401	54	20
401	55	20
401	57	20
401	58	20
401	59	20
401	60	20
401	61	20
401	62	20
401	63	20
401	68	20
401	71	20
401	73	20
401	86	20
401	118	20
401	192	20
586	52	27
586	93	27
586	165	27
586	179	27
617	47	111
617	48	111
17	152	156
17	223	156
17	225	156
17	226	156
17	227	156
17	228	156
17	229	156
17	230	156
17	231	156
17	232	156
17	233	156
17	235	156
17	236	156
17	273	156
17	274	156
17	275	156
17	276	156
17	277	156
17	278	156
17	279	156
17	300	156
17	374	156
17	375	156
17	957	156
743	21	283
743	22	283
743	103	283
138	139	122
138	247	122
138	254	122
138	267	122
138	270	122
138	281	122
138	297	122
138	302	122
138	303	122
138	307	122
138	322	122
138	325	122
138	338	122
138	345	122
138	368	122
138	409	122
138	434	122
138	460	122
138	481	122
138	492	122
138	505	122
138	519	122
138	551	122
138	557	122
138	558	122
138	568	122
138	581	122
138	587	122
138	589	122
138	592	122
138	621	122
138	632	122
138	673	122
138	686	122
138	775	122
138	807	122
138	836	122
138	849	122
138	866	122
138	882	122
138	886	122
138	898	122
138	901	122
138	905	122
138	923	122
138	925	122
138	932	122
138	948	122
208	542	115
208	624	115
208	647	115
208	650	115
721	76	209
721	155	209
721	158	209
721	177	209
615	19	124
615	20	124
615	163	124
720	76	143
720	155	143
720	158	143
720	177	143
801	24	354
801	49	354
714	179	8
809	53	9
809	54	9
809	55	9
809	57	9
809	58	9
809	59	9
809	60	9
809	61	9
809	62	9
809	63	9
809	68	9
809	71	9
809	73	9
809	86	9
809	118	9
809	192	9
722	76	328
722	155	328
722	158	328
722	177	328
723	76	30
723	155	30
723	158	30
723	177	30
926	52	120
926	93	120
926	165	120
926	179	120
822	217	345
693	52	95
693	93	95
693	165	95
693	179	95
362	65	41
362	70	41
362	77	41
362	85	41
362	94	41
362	97	41
362	104	41
362	110	41
362	112	41
362	149	41
362	160	41
362	162	41
362	210	41
362	213	41
362	221	41
362	222	41
209	542	397
209	624	397
209	647	397
209	650	397
18	80	65
18	106	65
18	262	65
18	304	65
18	308	65
18	318	65
18	353	65
18	381	65
18	407	65
18	431	65
18	496	65
18	631	65
18	639	65
18	644	65
18	674	65
18	715	65
18	716	65
18	725	65
18	739	65
18	746	65
18	751	65
18	782	65
18	792	65
18	827	65
18	850	65
18	883	65
295	47	316
295	48	316
835	21	272
835	22	272
835	103	272
210	333	112
210	363	112
210	364	112
210	533	112
210	620	112
210	652	112
210	823	112
210	956	112
21	113	19
21	251	19
21	260	19
21	263	19
21	299	19
21	406	19
21	579	19
21	593	19
21	598	19
21	603	19
21	654	19
21	657	19
21	663	19
21	667	19
21	672	19
21	679	19
21	682	19
21	695	19
21	700	19
21	729	19
21	747	19
21	757	19
21	761	19
21	812	19
21	817	19
21	841	19
21	851	19
21	930	19
22	113	41
22	251	41
22	260	41
22	263	41
22	299	41
22	406	41
22	579	41
22	593	41
22	598	41
22	603	41
22	654	41
22	657	41
22	663	41
22	667	41
22	672	41
22	679	41
22	682	41
22	695	41
22	700	41
22	729	41
22	747	41
22	757	41
22	761	41
22	812	41
22	817	41
22	841	41
22	851	41
22	930	41
19	219	338
19	348	338
19	350	338
19	399	338
19	428	338
19	429	338
19	435	338
19	474	338
19	489	338
19	507	338
19	525	338
19	556	338
19	584	338
19	609	338
19	733	338
19	862	338
19	863	338
19	945	338
19	954	338
441	23	23
441	25	23
441	26	23
441	29	23
441	31	23
441	32	23
441	33	23
441	34	23
441	35	23
441	36	23
441	37	23
441	40	23
441	42	23
441	43	23
441	44	23
441	45	23
441	46	23
441	50	23
441	79	23
441	80	23
441	82	23
441	89	23
441	92	23
441	95	23
441	96	23
441	109	23
441	192	23
448	23	184
448	25	184
448	26	184
448	29	184
448	31	184
448	32	184
448	33	184
448	34	184
448	35	184
448	36	184
448	37	184
448	40	184
448	42	184
448	43	184
448	44	184
448	45	184
448	46	184
448	50	184
448	79	184
448	80	184
448	82	184
448	89	184
448	92	184
448	95	184
448	96	184
448	109	184
448	192	184
20	219	51
20	348	51
20	350	51
20	399	51
20	428	51
20	429	51
20	435	51
20	474	51
20	489	51
20	507	51
20	525	51
20	556	51
20	584	51
20	609	51
20	733	51
20	862	51
20	863	51
20	945	51
20	954	51
834	88	90
238	47	122
238	48	122
407	24	254
407	49	254
407	111	254
407	115	254
407	116	254
407	140	254
407	189	254
760	52	380
760	93	380
760	165	380
760	179	380
423	166	387
810	64	246
810	91	246
810	161	246
810	169	246
810	182	246
810	184	246
810	193	246
363	65	334
363	70	334
363	77	334
363	85	334
363	94	334
363	97	334
363	104	334
363	110	334
363	112	334
363	149	334
363	160	334
363	162	334
363	213	334
363	221	334
363	222	334
853	39	212
853	102	212
211	444	0
211	608	0
212	161	0
212	337	0
212	354	0
212	591	0
253	23	42
253	25	42
253	26	42
253	29	42
253	31	42
253	32	42
253	33	42
253	34	42
253	35	42
253	36	42
253	37	42
253	40	42
253	42	42
253	43	42
253	44	42
253	45	42
253	46	42
253	50	42
253	79	42
253	80	42
253	82	42
253	89	42
253	92	42
253	95	42
253	96	42
253	109	42
253	192	42
483	53	31
483	54	31
483	55	31
483	57	31
483	58	31
483	59	31
483	60	31
483	61	31
483	62	31
483	63	31
483	68	31
483	71	31
483	73	31
483	86	31
483	118	31
483	192	31
338	30	159
338	41	159
338	144	159
338	217	159
455	81	198
455	150	198
455	180	198
139	30	100
139	41	100
139	516	100
139	688	100
139	689	100
139	144	100
139	217	100
915	47	189
915	48	189
620	65	192
620	70	192
620	77	192
620	85	192
620	94	192
620	97	192
620	104	192
620	110	192
620	112	192
620	149	192
620	160	192
620	162	192
620	213	192
620	221	192
620	222	192
879	39	282
879	102	282
849	30	105
849	41	105
849	144	105
849	217	105
684	142	182
684	143	182
684	157	182
684	183	182
684	185	182
684	186	182
684	187	182
724	24	66
724	49	66
621	30	131
621	41	131
621	144	131
621	217	131
897	53	253
897	54	253
897	55	253
897	57	253
897	58	253
897	59	253
897	60	253
897	61	253
897	62	253
897	63	253
897	68	253
897	71	253
897	73	253
897	86	253
897	118	253
897	192	253
23	242	339
23	249	339
23	250	339
23	282	339
23	319	339
23	326	339
23	336	339
23	349	339
23	408	339
23	420	339
23	436	339
23	443	339
23	475	339
23	497	339
23	567	339
23	596	339
23	602	339
23	627	339
23	630	339
23	651	339
23	702	339
23	711	339
23	734	339
23	776	339
23	779	339
23	791	339
23	808	339
23	811	339
23	824	339
23	869	339
23	922	339
23	944	339
23	951	339
336	25	80
336	26	80
336	29	80
336	31	80
336	32	80
336	33	80
336	34	80
336	35	80
336	36	80
336	37	80
336	40	80
336	42	80
336	43	80
336	44	80
336	45	80
336	46	80
336	50	80
336	79	80
336	80	80
336	82	80
336	89	80
336	92	80
336	95	80
336	96	80
336	109	80
336	192	80
24	80	259
24	106	259
24	245	259
24	262	259
24	304	259
24	308	259
24	318	259
24	353	259
24	381	259
24	431	259
24	453	259
24	496	259
24	614	259
24	631	259
24	637	259
24	639	259
24	644	259
24	674	259
24	699	259
24	715	259
24	716	259
24	725	259
24	739	259
24	746	259
24	751	259
24	782	259
24	792	259
24	827	259
24	850	259
24	883	259
826	39	27
826	102	27
25	242	250
25	249	250
25	250	250
25	282	250
25	319	250
25	326	250
25	349	250
25	408	250
25	420	250
25	436	250
25	443	250
25	475	250
25	497	250
25	567	250
25	596	250
25	602	250
25	627	250
25	630	250
25	651	250
25	702	250
25	711	250
25	734	250
25	776	250
25	779	250
25	791	250
25	808	250
25	811	250
25	824	250
25	869	250
25	922	250
25	944	250
25	951	250
595	53	298
595	54	298
595	55	298
595	57	298
595	58	298
595	59	298
595	60	298
595	61	298
595	62	298
595	63	298
595	68	298
595	71	298
595	73	298
595	86	298
595	118	298
595	192	298
733	163	390
943	165	194
943	179	194
350	163	138
505	30	313
505	41	313
505	144	313
505	217	313
473	39	57
473	102	57
936	78	23
936	119	23
936	120	23
936	166	23
948	30	188
948	41	188
948	144	188
948	217	188
26	242	191
26	249	191
26	250	191
26	282	191
26	319	191
26	326	191
26	349	191
26	408	191
26	420	191
26	436	191
26	443	191
26	475	191
26	497	191
26	567	191
26	596	191
26	602	191
26	627	191
26	630	191
26	651	191
26	702	191
26	711	191
26	734	191
26	776	191
26	779	191
26	791	191
26	808	191
26	811	191
26	824	191
26	869	191
26	922	191
26	944	191
26	951	191
562	39	15
562	102	15
535	76	77
535	155	77
535	158	77
535	177	77
296	52	55
296	93	55
296	165	55
296	179	55
536	155	399
536	177	399
408	29	90
408	31	90
408	32	90
408	33	90
408	34	90
408	35	90
408	36	90
408	37	90
408	40	90
408	42	90
408	43	90
408	44	90
408	45	90
408	46	90
408	50	90
408	79	90
408	80	90
408	82	90
408	89	90
408	92	90
408	95	90
408	96	90
408	109	90
408	192	90
930	103	37
519	30	17
519	41	17
519	144	17
213	333	53
213	364	53
213	533	53
213	652	53
213	823	53
213	956	53
27	69	133
27	70	133
27	574	133
27	959	133
27	961	133
27	962	133
27	963	133
27	964	133
28	69	314
28	70	314
28	574	314
28	959	314
28	961	314
28	962	314
28	963	314
28	964	314
28	47	314
28	48	314
268	64	58
268	91	58
268	161	58
268	169	58
268	182	58
268	184	58
268	193	58
424	39	371
424	102	371
239	52	19
239	93	19
239	165	19
239	179	19
29	242	75
29	249	75
29	250	75
29	282	75
29	319	75
29	326	75
29	349	75
29	420	75
29	436	75
29	443	75
29	475	75
29	497	75
29	567	75
29	596	75
29	602	75
29	627	75
29	630	75
29	651	75
29	702	75
29	711	75
29	734	75
29	776	75
29	779	75
29	791	75
29	808	75
29	811	75
29	824	75
29	869	75
29	922	75
29	944	75
29	951	75
313	47	301
313	48	301
601	52	93
601	93	93
601	165	93
601	179	93
30	247	44
30	254	44
30	267	44
30	270	44
30	281	44
30	297	44
30	302	44
30	303	44
30	307	44
30	322	44
30	325	44
30	345	44
30	368	44
30	409	44
30	434	44
30	460	44
30	481	44
30	492	44
30	551	44
30	557	44
30	558	44
30	568	44
30	581	44
30	587	44
30	589	44
30	592	44
30	632	44
30	673	44
30	686	44
30	775	44
30	807	44
30	836	44
30	866	44
30	882	44
30	886	44
30	898	44
30	901	44
30	905	44
30	923	44
30	925	44
30	932	44
31	242	298
31	249	298
31	250	298
31	282	298
31	319	298
31	326	298
31	349	298
31	420	298
31	436	298
31	443	298
31	475	298
31	497	298
31	567	298
31	596	298
31	602	298
31	627	298
31	630	298
31	651	298
31	702	298
31	711	298
31	734	298
31	776	298
31	779	298
31	791	298
31	808	298
31	811	298
31	824	298
31	869	298
31	922	298
31	944	298
31	951	298
140	80	103
140	106	103
140	262	103
140	304	103
140	308	103
140	318	103
140	353	103
140	381	103
140	431	103
140	496	103
140	631	103
140	639	103
140	644	103
140	674	103
140	715	103
140	716	103
140	725	103
140	739	103
140	746	103
140	751	103
140	782	103
140	792	103
140	827	103
140	850	103
140	883	103
214	444	223
214	608	223
550	64	220
550	91	220
550	161	220
550	169	220
550	182	220
550	184	220
550	193	220
32	242	59
32	249	59
32	250	59
32	282	59
32	319	59
32	326	59
32	349	59
32	420	59
32	436	59
32	443	59
32	475	59
32	497	59
32	567	59
32	596	59
32	602	59
32	627	59
32	630	59
32	651	59
32	702	59
32	711	59
32	734	59
32	776	59
32	779	59
32	791	59
32	808	59
32	811	59
32	824	59
32	869	59
32	922	59
32	944	59
32	951	59
215	161	93
215	337	93
215	354	93
215	591	93
302	41	288
302	144	288
302	217	288
823	65	64
823	70	64
823	77	64
823	85	64
823	94	64
823	97	64
823	104	64
823	110	64
823	112	64
823	149	64
823	160	64
823	162	64
823	221	64
823	222	64
665	78	101
665	119	101
665	120	101
665	166	101
33	242	160
33	249	160
33	250	160
33	282	160
33	319	160
33	326	160
33	349	160
33	420	160
33	436	160
33	443	160
33	475	160
33	497	160
33	567	160
33	596	160
33	602	160
33	627	160
33	630	160
33	651	160
33	702	160
33	711	160
33	734	160
33	776	160
33	779	160
33	791	160
33	808	160
33	811	160
33	824	160
33	869	160
33	922	160
33	944	160
33	951	160
367	47	60
367	48	60
216	342	150
216	563	150
216	564	150
216	669	150
34	242	176
34	249	176
34	250	176
34	282	176
34	319	176
34	326	176
34	349	176
34	420	176
34	436	176
34	443	176
34	475	176
34	497	176
34	567	176
34	596	176
34	602	176
34	627	176
34	630	176
34	651	176
34	702	176
34	711	176
34	734	176
34	776	176
34	779	176
34	791	176
34	808	176
34	811	176
34	824	176
34	869	176
34	922	176
34	944	176
34	951	176
35	242	102
35	249	102
35	250	102
35	282	102
35	319	102
35	326	102
35	349	102
35	420	102
35	436	102
35	443	102
35	475	102
35	497	102
35	567	102
35	596	102
35	602	102
35	627	102
35	630	102
35	651	102
35	702	102
35	711	102
35	734	102
35	776	102
35	779	102
35	791	102
35	808	102
35	811	102
35	824	102
35	869	102
35	922	102
35	944	102
35	951	102
36	242	336
36	249	336
36	250	336
36	282	336
36	319	336
36	326	336
36	349	336
36	420	336
36	436	336
36	443	336
36	475	336
36	497	336
36	567	336
36	596	336
36	602	336
36	627	336
36	630	336
36	651	336
36	702	336
36	711	336
36	734	336
36	776	336
36	779	336
36	791	336
36	808	336
36	811	336
36	824	336
36	869	336
36	922	336
36	944	336
36	951	336
37	242	152
37	249	152
37	250	152
37	282	152
37	319	152
37	326	152
37	349	152
37	420	152
37	436	152
37	443	152
37	475	152
37	497	152
37	567	152
37	596	152
37	602	152
37	627	152
37	630	152
37	651	152
37	702	152
37	711	152
37	734	152
37	776	152
37	779	152
37	791	152
37	808	152
37	811	152
37	824	152
37	869	152
37	922	152
37	944	152
37	951	152
38	444	58
38	608	58
38	192	58
39	79	7
39	240	7
39	290	7
39	298	7
39	314	7
39	321	7
39	332	7
39	344	7
39	379	7
39	394	7
39	438	7
39	445	7
39	452	7
39	495	7
39	500	7
39	502	7
39	503	7
39	509	7
39	515	7
39	546	7
39	607	7
39	648	7
39	656	7
39	662	7
39	681	7
39	683	7
39	687	7
39	726	7
39	736	7
39	750	7
39	774	7
39	778	7
39	818	7
39	833	7
39	837	7
39	846	7
39	855	7
39	857	7
39	867	7
39	870	7
39	874	7
39	875	7
39	899	7
39	909	7
39	916	7
39	920	7
39	921	7
39	924	7
39	960	7
141	444	85
141	608	85
608	87	358
608	172	358
608	173	358
811	40	147
811	42	147
811	43	147
811	44	147
811	45	147
811	46	147
811	50	147
811	79	147
811	80	147
811	82	147
811	89	147
811	92	147
811	95	147
811	96	147
811	109	147
811	192	147
217	47	89
217	48	89
217	254	89
217	267	89
217	270	89
217	281	89
217	297	89
217	303	89
217	307	89
217	322	89
217	345	89
217	368	89
217	409	89
217	434	89
217	460	89
217	481	89
217	492	89
217	551	89
217	557	89
217	558	89
217	581	89
217	587	89
217	589	89
217	592	89
217	632	89
217	673	89
217	686	89
217	775	89
217	807	89
217	836	89
217	866	89
217	871	89
217	882	89
217	898	89
217	901	89
217	905	89
217	925	89
217	932	89
644	49	108
644	111	108
644	115	108
644	116	108
644	189	108
551	41	126
551	144	126
443	40	149
443	42	149
443	43	149
443	44	149
443	45	149
443	46	149
443	50	149
443	79	149
443	80	149
443	82	149
443	89	149
443	92	149
443	95	149
443	96	149
443	109	149
443	192	149
824	40	104
824	42	104
824	43	104
824	44	104
824	45	104
824	46	104
824	50	104
824	79	104
824	80	104
824	82	104
824	89	104
824	92	104
824	95	104
824	96	104
824	109	104
824	192	104
775	41	24
775	144	24
218	143	338
218	417	338
218	439	338
218	569	338
218	666	338
218	690	338
218	692	338
218	704	338
218	717	338
218	728	338
218	764	338
218	785	338
218	839	338
218	906	338
40	242	132
40	249	132
40	250	132
40	282	132
40	319	132
40	326	132
40	349	132
40	420	132
40	436	132
40	475	132
40	497	132
40	567	132
40	596	132
40	602	132
40	627	132
40	630	132
40	651	132
40	702	132
40	711	132
40	734	132
40	776	132
40	779	132
40	791	132
40	808	132
40	869	132
40	922	132
40	944	132
40	951	132
41	247	190
41	254	190
41	267	190
41	270	190
41	281	190
41	297	190
41	303	190
41	307	190
41	322	190
41	325	190
41	345	190
41	368	190
41	409	190
41	434	190
41	460	190
41	481	190
41	492	190
41	557	190
41	558	190
41	568	190
41	581	190
41	587	190
41	589	190
41	592	190
41	632	190
41	673	190
41	686	190
41	807	190
41	836	190
41	866	190
41	882	190
41	886	190
41	898	190
41	901	190
41	905	190
41	923	190
41	925	190
41	932	190
42	242	22
42	249	22
42	250	22
42	282	22
42	319	22
42	326	22
42	349	22
42	420	22
42	436	22
42	475	22
42	497	22
42	567	22
42	596	22
42	602	22
42	627	22
42	630	22
42	651	22
42	702	22
42	711	22
42	734	22
42	776	22
42	779	22
42	791	22
42	808	22
42	869	22
42	922	22
42	944	22
42	951	22
666	98	70
666	108	70
666	153	70
666	190	70
43	242	233
43	249	233
43	250	233
43	282	233
43	319	233
43	326	233
43	349	233
43	420	233
43	436	233
43	475	233
43	497	233
43	567	233
43	596	233
43	602	233
43	627	233
43	630	233
43	651	233
43	702	233
43	711	233
43	734	233
43	776	233
43	779	233
43	791	233
43	808	233
43	869	233
43	922	233
43	944	233
43	951	233
44	242	323
44	249	323
44	250	323
44	282	323
44	319	323
44	326	323
44	349	323
44	420	323
44	436	323
44	475	323
44	497	323
44	567	323
44	596	323
44	602	323
44	627	323
44	630	323
44	651	323
44	702	323
44	711	323
44	734	323
44	776	323
44	779	323
44	791	323
44	808	323
44	869	323
44	922	323
44	944	323
44	951	323
45	242	10
45	249	10
45	250	10
45	282	10
45	319	10
45	326	10
45	349	10
45	420	10
45	436	10
45	475	10
45	497	10
45	567	10
45	596	10
45	602	10
45	627	10
45	630	10
45	651	10
45	702	10
45	711	10
45	734	10
45	776	10
45	779	10
45	791	10
45	808	10
45	869	10
45	922	10
45	944	10
45	951	10
591	69	95
591	151	95
591	167	95
512	88	108
630	46	85
630	50	85
630	79	85
630	80	85
630	82	85
630	89	85
630	92	85
630	95	85
630	96	85
630	109	85
630	192	85
574	83	117
574	84	117
574	90	117
574	100	117
574	101	117
574	113	117
574	114	117
364	65	242
364	70	242
364	77	242
364	85	242
364	94	242
364	97	242
364	104	242
364	110	242
364	112	242
364	149	242
364	160	242
364	162	242
364	221	242
364	222	242
46	242	280
46	249	280
46	250	280
46	282	280
46	319	280
46	326	280
46	349	280
46	420	280
46	436	280
46	475	280
46	497	280
46	567	280
46	596	280
46	602	280
46	627	280
46	651	280
46	702	280
46	711	280
46	734	280
46	776	280
46	779	280
46	791	280
46	808	280
46	869	280
46	922	280
46	944	280
46	951	280
702	50	192
702	79	192
702	80	192
702	82	192
702	89	192
702	92	192
702	95	192
702	96	192
702	109	192
702	192	192
898	144	95
940	64	120
940	91	120
940	161	120
940	169	120
940	182	120
940	184	120
940	193	120
411	76	186
411	155	186
411	158	186
411	177	186
412	76	343
412	155	343
412	158	343
412	177	343
378	53	308
378	54	308
378	55	308
378	57	308
378	58	308
378	59	308
378	60	308
378	61	308
378	62	308
378	63	308
378	68	308
378	71	308
378	73	308
378	86	308
378	118	308
378	192	308
417	98	341
417	108	341
417	153	341
417	190	341
342	56	47
342	66	47
342	72	47
342	99	47
342	191	47
47	88	365
47	255	365
47	258	365
47	261	365
47	269	365
47	291	365
47	324	365
47	365	365
47	386	365
47	430	365
47	433	365
47	463	365
47	487	365
47	491	365
47	514	365
47	521	365
47	523	365
47	538	365
47	588	365
47	597	365
47	606	365
47	635	365
47	636	365
47	653	365
47	670	365
47	671	365
47	675	365
47	697	365
47	713	365
47	748	365
47	768	365
47	769	365
47	784	365
47	858	365
47	860	365
47	885	365
47	892	365
48	88	321
48	255	321
48	258	321
48	261	321
48	269	321
48	291	321
48	324	321
48	365	321
48	386	321
48	430	321
48	433	321
48	463	321
48	487	321
48	491	321
48	514	321
48	521	321
48	523	321
48	538	321
48	588	321
48	597	321
48	606	321
48	635	321
48	636	321
48	653	321
48	670	321
48	671	321
48	675	321
48	697	321
48	713	321
48	748	321
48	768	321
48	769	321
48	784	321
48	858	321
48	860	321
48	885	321
48	892	321
303	144	43
685	152	172
685	159	172
685	188	172
685	194	172
922	50	43
922	79	43
922	80	43
922	82	43
922	89	43
922	92	43
922	95	43
922	96	43
922	109	43
922	192	43
143	98	237
143	108	237
143	520	237
143	777	237
143	153	237
143	190	237
456	52	393
456	93	393
456	165	393
456	179	393
816	192	262
142	520	228
142	777	228
351	52	139
351	93	139
351	165	139
351	179	139
880	52	141
880	93	141
880	165	141
880	179	141
339	145	137
339	146	137
339	181	137
144	247	216
144	254	216
144	267	216
144	270	216
144	281	216
144	297	216
144	307	216
144	322	216
144	325	216
144	345	216
144	368	216
144	409	216
144	434	216
144	460	216
144	481	216
144	492	216
144	557	216
144	558	216
144	568	216
144	581	216
144	587	216
144	589	216
144	592	216
144	632	216
144	673	216
144	686	216
144	807	216
144	836	216
144	866	216
144	882	216
144	886	216
144	901	216
144	905	216
144	923	216
144	925	216
144	932	216
145	508	57
145	524	57
145	745	57
145	767	57
145	773	57
145	938	57
49	80	25
49	106	25
49	245	25
49	262	25
49	304	25
49	308	25
49	318	25
49	353	25
49	381	25
49	431	25
49	453	25
49	496	25
49	614	25
49	631	25
49	637	25
49	639	25
49	674	25
49	699	25
49	715	25
49	716	25
49	725	25
49	739	25
49	746	25
49	751	25
49	782	25
49	792	25
49	827	25
49	850	25
49	883	25
761	103	110
495	102	297
387	52	332
387	93	332
387	165	332
387	179	332
552	88	166
566	165	384
566	179	384
861	52	276
861	93	276
861	165	276
861	179	276
402	52	147
402	93	147
402	165	147
402	179	147
744	52	148
744	93	148
744	165	148
744	179	148
553	52	374
553	93	374
553	165	374
553	179	374
427	52	30
427	93	30
427	165	30
427	179	30
650	67	109
650	105	109
650	106	109
650	107	109
650	117	109
650	156	109
650	174	109
650	175	109
650	176	109
650	178	109
650	219	109
650	220	109
660	53	165
660	54	165
660	55	165
660	57	165
660	58	165
660	59	165
660	60	165
660	61	165
660	62	165
660	63	165
660	68	165
660	71	165
660	73	165
660	86	165
660	118	165
660	192	165
661	53	118
661	54	118
661	55	118
661	57	118
661	58	118
661	59	118
661	60	118
661	61	118
661	62	118
661	63	118
661	68	118
661	71	118
661	73	118
661	86	118
661	118	118
661	192	118
506	152	9
506	159	9
506	188	9
506	194	9
874	102	304
304	111	325
304	115	325
304	116	325
304	189	325
750	102	276
50	242	5
50	249	5
50	250	5
50	282	5
50	319	5
50	326	5
50	349	5
50	420	5
50	436	5
50	475	5
50	497	5
50	567	5
50	596	5
50	602	5
50	627	5
50	651	5
50	711	5
50	734	5
50	776	5
50	779	5
50	791	5
50	808	5
50	869	5
50	944	5
50	951	5
272	52	89
272	93	89
272	165	89
272	179	89
524	146	123
524	181	123
146	508	1
146	745	1
146	767	1
146	773	1
146	938	1
388	88	214
287	78	376
287	119	376
287	120	376
287	166	376
288	78	181
288	119	181
288	120	181
288	166	181
219	163	155
219	542	155
219	624	155
219	647	155
241	52	97
241	93	97
241	165	97
241	179	97
352	165	218
51	328	121
51	385	121
51	698	121
51	842	121
51	114	121
366	52	124
366	93	124
366	165	124
366	179	124
567	79	47
567	80	47
567	82	47
567	89	47
567	92	47
567	95	47
567	96	47
567	109	47
567	192	47
331	53	154
331	54	154
331	55	154
331	57	154
331	58	154
331	59	154
331	60	154
331	61	154
331	62	154
331	63	154
331	68	154
331	71	154
331	73	154
331	86	154
331	118	154
331	192	154
802	165	377
802	179	377
734	79	305
734	80	305
734	82	305
734	89	305
734	92	305
734	95	305
734	96	305
734	109	305
734	192	305
862	163	217
147	516	134
147	688	134
147	689	134
545	165	147
545	179	147
529	192	85
52	102	78
52	166	78
52	224	78
52	243	78
52	257	78
52	259	78
52	280	78
52	283	78
52	305	78
52	316	78
52	320	78
52	334	78
52	340	78
52	343	78
52	347	78
52	357	78
52	376	78
52	390	78
52	395	78
52	400	78
52	404	78
52	422	78
52	425	78
52	432	78
52	446	78
52	450	78
52	462	78
52	466	78
52	467	78
52	469	78
52	476	78
52	478	78
52	479	78
52	485	78
52	522	78
52	547	78
52	549	78
52	554	78
52	582	78
52	590	78
52	616	78
52	664	78
52	668	78
52	678	78
52	705	78
52	718	78
52	735	78
52	753	78
52	758	78
52	763	78
52	772	78
52	781	78
52	788	78
52	793	78
52	796	78
52	798	78
52	805	78
52	813	78
52	828	78
52	847	78
52	859	78
52	876	78
52	881	78
52	888	78
52	891	78
52	904	78
52	907	78
52	934	78
52	946	78
52	958	78
579	103	73
148	516	141
148	688	141
148	689	141
53	108	215
53	244	215
53	311	215
53	341	215
53	403	215
53	418	215
53	447	215
53	486	215
53	493	215
53	583	215
53	585	215
53	604	215
53	655	215
53	701	215
53	752	215
53	755	215
53	780	215
53	799	215
53	803	215
53	814	215
53	838	215
53	856	215
53	865	215
53	887	215
53	900	215
53	918	215
53	919	215
53	937	215
54	108	297
54	244	297
54	311	297
54	341	297
54	403	297
54	418	297
54	447	297
54	486	297
54	493	297
54	583	297
54	585	297
54	604	297
54	655	297
54	701	297
54	752	297
54	755	297
54	780	297
54	799	297
54	803	297
54	814	297
54	838	297
54	856	297
54	865	297
54	887	297
54	900	297
54	918	297
54	919	297
54	937	297
55	108	251
55	244	251
55	311	251
55	341	251
55	403	251
55	418	251
55	447	251
55	486	251
55	493	251
55	583	251
55	585	251
55	604	251
55	655	251
55	701	251
55	752	251
55	755	251
55	780	251
55	799	251
55	803	251
55	814	251
55	838	251
55	856	251
55	865	251
55	887	251
55	900	251
55	918	251
55	919	251
55	937	251
374	83	361
374	84	361
374	101	361
374	113	361
374	114	361
374	154	361
220	542	379
220	624	379
220	647	379
622	165	58
622	179	58
375	83	55
375	84	55
375	101	55
375	113	55
375	114	55
375	154	55
56	563	126
56	564	126
56	669	126
57	108	128
57	244	128
57	311	128
57	341	128
57	403	128
57	418	128
57	447	128
57	486	128
57	493	128
57	583	128
57	585	128
57	604	128
57	655	128
57	701	128
57	752	128
57	755	128
57	780	128
57	799	128
57	803	128
57	814	128
57	838	128
57	856	128
57	865	128
57	887	128
57	900	128
57	918	128
57	919	128
57	937	128
530	64	119
530	161	119
530	169	119
530	182	119
530	184	119
530	193	119
580	165	94
580	179	94
58	108	299
58	244	299
58	311	299
58	341	299
58	403	299
58	418	299
58	447	299
58	486	299
58	493	299
58	583	299
58	585	299
58	604	299
58	655	299
58	701	299
58	752	299
58	755	299
58	780	299
58	799	299
58	803	299
58	814	299
58	838	299
58	856	299
58	865	299
58	887	299
58	900	299
58	918	299
58	919	299
58	937	299
149	333	144
149	533	144
149	652	144
149	956	144
59	108	356
59	244	356
59	311	356
59	341	356
59	403	356
59	418	356
59	447	356
59	486	356
59	493	356
59	583	356
59	585	356
59	604	356
59	655	356
59	701	356
59	752	356
59	755	356
59	780	356
59	799	356
59	803	356
59	814	356
59	838	356
59	856	356
59	865	356
59	887	356
59	900	356
59	918	356
59	919	356
59	937	356
499	81	302
499	150	302
499	180	302
933	64	33
933	91	33
933	161	33
933	169	33
933	182	33
933	184	33
933	193	33
221	333	261
221	533	261
221	652	261
221	956	261
150	107	107
150	501	107
150	534	107
150	640	107
150	754	107
150	830	107
60	108	272
60	244	272
60	311	272
60	341	272
60	403	272
60	418	272
60	447	272
60	486	272
60	493	272
60	583	272
60	585	272
60	604	272
60	655	272
60	701	272
60	752	272
60	755	272
60	780	272
60	799	272
60	803	272
60	814	272
60	838	272
60	856	272
60	865	272
60	887	272
60	900	272
60	918	272
60	919	272
60	937	272
379	102	16
61	108	372
61	244	372
61	311	372
61	341	372
61	403	372
61	418	372
61	447	372
61	486	372
61	493	372
61	583	372
61	585	372
61	604	372
61	655	372
61	701	372
61	752	372
61	755	372
61	780	372
61	799	372
61	803	372
61	814	372
61	838	372
61	856	372
61	865	372
61	887	372
61	900	372
61	918	372
61	919	372
61	937	372
937	62	62
937	63	62
937	68	62
937	71	62
937	73	62
937	86	62
937	118	62
937	192	62
717	98	116
717	108	116
717	153	116
717	190	116
62	108	214
62	244	214
62	311	214
62	341	214
62	403	214
62	418	214
62	447	214
62	486	214
62	493	214
62	583	214
62	585	214
62	604	214
62	655	214
62	701	214
62	752	214
62	755	214
62	780	214
62	799	214
62	803	214
62	814	214
62	838	214
62	856	214
62	865	214
62	887	214
62	900	214
62	918	214
62	919	214
556	163	83
520	157	312
520	183	312
520	185	312
520	186	312
520	187	312
812	103	38
715	111	193
715	115	193
715	116	193
715	189	193
403	63	337
403	68	337
403	71	337
403	73	337
403	86	337
403	118	337
403	192	337
919	63	304
919	68	304
919	71	304
919	73	304
919	86	304
919	118	304
919	192	304
222	333	227
222	533	227
222	652	227
222	956	227
314	102	205
63	108	26
63	244	26
63	311	26
63	341	26
63	418	26
63	447	26
63	486	26
63	493	26
63	583	26
63	585	26
63	604	26
63	655	26
63	701	26
63	752	26
63	755	26
63	780	26
63	799	26
63	803	26
63	814	26
63	838	26
63	856	26
63	865	26
63	887	26
63	900	26
63	918	26
151	161	363
151	337	363
151	354	363
754	81	46
754	180	46
152	83	378
152	84	378
152	101	378
152	113	378
152	114	378
152	355	378
152	548	378
152	611	378
152	756	378
152	950	378
152	154	378
709	155	38
709	177	38
596	79	157
596	80	157
596	82	157
596	89	157
596	92	157
596	95	157
596	96	157
596	109	157
596	192	157
710	76	65
710	155	65
710	158	65
710	177	65
153	569	50
153	692	50
153	704	50
153	728	50
153	764	50
153	785	50
153	839	50
153	906	50
703	88	324
64	271	132
64	459	132
64	527	132
64	707	132
154	223	88
154	225	88
154	226	88
154	227	88
154	228	88
154	229	88
154	230	88
154	231	88
154	232	88
154	233	88
154	235	88
154	236	88
154	273	88
154	274	88
154	275	88
154	276	88
154	277	88
154	278	88
154	279	88
154	300	88
154	957	88
830	81	146
830	180	146
340	93	389
340	165	389
340	179	389
667	103	390
845	192	394
240	102	355
546	102	162
609	163	173
651	79	242
651	80	242
651	82	242
651	89	242
651	92	242
651	95	242
651	96	242
651	109	242
651	192	242
248	165	39
248	179	39
638	88	367
855	102	110
856	68	189
856	71	189
856	73	189
856	86	189
856	118	189
856	192	189
399	163	63
881	93	101
881	165	101
881	179	101
65	333	18
65	533	18
65	652	18
65	956	18
554	93	63
554	165	63
554	179	63
875	102	38
582	93	199
582	165	199
582	179	199
694	165	122
694	179	122
652	70	373
652	77	373
652	85	373
652	94	373
652	97	373
652	104	373
652	110	373
652	112	373
652	160	373
652	162	373
507	163	222
796	93	178
796	165	178
796	179	178
66	563	3
66	564	3
66	669	3
66	78	3
66	119	3
66	120	3
66	166	3
916	102	340
328	195	200
337	69	44
337	167	44
527	91	86
527	161	86
527	169	86
527	182	86
527	184	86
527	193	86
242	79	86
242	80	86
242	82	86
242	89	86
242	92	86
242	95	86
242	96	86
242	109	86
242	192	86
67	542	115
67	624	115
67	647	115
944	79	163
944	80	163
944	82	163
944	89	163
944	92	163
944	95	163
944	96	163
944	109	163
944	192	163
68	108	155
68	244	155
68	311	155
68	341	155
68	418	155
68	447	155
68	486	155
68	493	155
68	583	155
68	585	155
68	604	155
68	655	155
68	701	155
68	752	155
68	755	155
68	780	155
68	799	155
68	803	155
68	814	155
68	838	155
68	865	155
68	887	155
68	900	155
68	918	155
332	102	8
956	70	79
956	77	79
956	85	79
956	94	79
956	97	79
956	104	79
956	110	79
956	112	79
956	160	79
956	162	79
899	102	96
569	98	113
569	108	113
569	190	113
353	111	207
353	115	207
353	116	207
353	189	207
762	166	327
249	79	84
249	80	84
249	82	84
249	89	84
249	92	84
249	95	84
249	96	84
249	109	84
249	192	84
669	72	29
669	99	29
669	191	29
428	163	316
500	102	174
223	83	8
223	84	8
223	101	8
223	113	8
223	114	8
155	306	20
155	458	20
155	526	20
155	575	20
155	623	20
155	677	20
155	927	20
711	79	287
711	80	287
711	82	287
711	89	287
711	92	287
711	95	287
711	96	287
711	109	287
711	192	287
369	78	117
369	119	117
369	120	117
369	166	117
370	78	350
370	119	350
370	120	350
370	166	350
69	161	277
69	354	277
69	83	277
69	84	277
69	90	277
69	100	277
69	101	277
69	113	277
69	114	277
371	78	84
371	119	84
371	120	84
371	166	84
156	542	259
156	624	259
156	647	259
70	333	359
70	533	359
70	83	359
70	84	359
70	90	359
70	100	359
70	101	359
70	113	359
70	114	359
739	111	305
739	115	305
739	116	305
739	189	305
250	79	365
250	80	365
250	82	365
250	89	365
250	92	365
250	95	365
250	96	365
250	109	365
250	192	365
779	79	161
779	80	161
779	82	161
779	89	161
779	92	161
779	95	161
779	96	161
779	109	161
779	192	161
950	159	92
950	188	92
950	194	92
489	163	258
756	159	6
756	188	6
756	194	6
924	102	319
282	79	342
282	80	342
282	82	342
282	89	342
282	92	342
282	95	342
282	96	342
282	109	342
282	192	342
474	163	126
654	103	291
725	111	369
725	115	369
725	116	369
725	189	369
273	83	161
273	84	161
273	101	161
273	113	161
273	114	161
274	83	317
274	84	317
274	101	317
274	113	317
274	114	317
275	83	378
275	84	378
275	101	378
275	113	378
275	114	378
276	83	17
276	84	17
276	101	17
276	113	17
276	114	17
277	83	362
277	84	362
277	101	362
277	113	362
277	114	362
695	103	364
278	83	265
278	84	265
278	101	265
278	113	265
278	114	265
279	83	234
279	84	234
279	101	234
279	113	234
279	114	234
438	102	110
71	108	111
71	244	111
71	311	111
71	341	111
71	358	111
71	359	111
71	418	111
71	447	111
71	486	111
71	493	111
71	583	111
71	585	111
71	604	111
71	655	111
71	701	111
71	752	111
71	755	111
71	780	111
71	799	111
71	803	111
71	814	111
71	838	111
71	865	111
71	887	111
71	900	111
71	918	111
157	777	381
466	93	194
466	165	194
466	179	194
728	98	329
728	108	329
728	190	329
72	563	103
72	564	103
429	163	337
73	108	36
73	244	36
73	311	36
73	341	36
73	358	36
73	359	36
73	418	36
73	447	36
73	486	36
73	493	36
73	583	36
73	585	36
73	604	36
73	655	36
73	701	36
73	752	36
73	755	36
73	780	36
73	799	36
73	803	36
73	814	36
73	838	36
73	865	36
73	887	36
73	900	36
73	918	36
850	111	52
850	115	52
850	116	52
850	189	52
74	516	229
74	688	229
74	689	229
75	516	162
75	688	162
75	689	162
159	355	137
159	548	137
159	611	137
791	79	275
791	80	275
791	82	275
791	89	275
791	92	275
791	95	275
791	96	275
791	109	275
791	192	275
394	102	74
857	102	368
158	306	173
158	458	173
158	575	173
158	623	173
158	677	173
158	927	173
76	306	45
76	458	45
76	575	45
76	623	45
76	677	45
76	927	45
623	177	118
624	105	137
624	106	137
624	107	137
624	117	137
624	174	137
624	175	137
624	176	137
624	178	137
160	333	131
160	533	131
467	93	196
467	165	196
467	179	196
490	88	228
444	87	102
444	172	102
444	173	102
445	102	203
920	102	99
357	93	91
357	165	91
357	179	91
751	111	157
751	115	157
751	116	157
751	189	157
752	86	28
752	118	28
752	192	28
400	93	134
400	165	134
400	179	134
625	91	158
625	182	158
625	184	158
625	193	158
77	333	27
77	533	27
298	102	252
869	79	170
869	80	170
869	82	170
869	89	170
869	92	170
869	95	170
869	96	170
869	109	170
869	192	170
318	111	210
318	115	210
318	116	210
318	189	210
78	309	264
78	315	264
78	372	264
78	389	264
78	419	264
78	576	264
78	680	264
78	706	264
78	868	264
78	902	264
79	319	75
79	326	75
79	349	75
79	420	75
79	436	75
79	475	75
79	497	75
79	602	75
79	627	75
79	776	75
79	808	75
79	951	75
79	102	75
161	271	374
161	459	374
161	707	374
161	167	374
259	93	235
259	165	235
259	179	235
462	93	283
462	165	283
462	179	283
902	119	23
902	120	23
902	166	23
631	111	71
631	115	71
631	116	71
631	189	71
696	179	252
767	181	102
575	177	219
80	319	199
80	326	199
80	349	199
80	420	199
80	436	199
80	475	199
80	497	199
80	602	199
80	627	199
80	776	199
80	808	199
80	951	199
80	111	199
80	115	199
80	116	199
80	189	199
162	333	184
162	533	184
81	107	49
81	501	49
81	534	49
81	640	49
745	181	281
82	319	167
82	326	167
82	349	167
82	358	167
82	359	167
82	420	167
82	436	167
82	475	167
82	497	167
82	602	167
82	627	167
82	776	167
82	808	167
82	951	167
539	88	203
425	93	360
425	165	360
425	179	360
260	103	47
163	348	163
163	435	163
163	525	163
163	584	163
163	797	163
163	863	163
163	945	163
163	954	163
431	111	180
431	115	180
431	116	180
431	189	180
909	102	72
704	98	33
704	108	33
704	190	33
164	516	260
164	688	260
164	689	260
458	177	99
165	102	145
165	166	145
165	224	145
165	243	145
165	257	145
165	280	145
165	283	145
165	305	145
165	316	145
165	320	145
165	334	145
165	343	145
165	347	145
165	376	145
165	390	145
165	395	145
165	404	145
165	421	145
165	422	145
165	432	145
165	446	145
165	450	145
165	469	145
165	476	145
165	478	145
165	479	145
165	484	145
165	485	145
165	522	145
165	547	145
165	549	145
165	590	145
165	613	145
165	616	145
165	664	145
165	668	145
165	678	145
165	705	145
165	712	145
165	718	145
165	735	145
165	753	145
165	758	145
165	763	145
165	772	145
165	781	145
165	788	145
165	793	145
165	798	145
165	805	145
165	813	145
165	828	145
165	847	145
165	859	145
165	876	145
165	888	145
165	891	145
165	904	145
165	907	145
165	934	145
165	946	145
165	955	145
165	958	145
798	93	112
798	179	112
645	88	166
83	225	141
83	226	141
83	227	141
83	228	141
83	229	141
83	230	141
83	231	141
83	232	141
83	233	141
83	235	141
83	236	141
83	300	141
83	957	141
83	959	141
83	961	141
83	962	141
83	963	141
83	964	141
961	84	302
961	90	302
961	100	302
961	101	302
961	113	302
961	114	302
962	84	106
962	90	106
962	100	106
962	101	106
962	113	106
962	114	106
84	225	295
84	226	295
84	227	295
84	228	295
84	229	295
84	230	295
84	231	295
84	232	295
84	233	295
84	235	295
84	236	295
84	300	295
84	957	295
84	959	295
84	963	295
84	964	295
870	102	244
679	103	43
687	102	231
85	333	292
85	533	292
347	93	310
347	179	310
479	93	241
479	179	241
508	181	385
418	86	169
418	118	169
418	192	169
803	86	243
803	118	243
803	192	243
785	98	135
785	108	135
785	190	135
86	108	77
86	244	77
86	311	77
86	341	77
86	358	77
86	359	77
86	447	77
86	486	77
86	493	77
86	583	77
86	585	77
86	604	77
86	655	77
86	701	77
86	755	77
86	780	77
86	799	77
86	814	77
86	838	77
86	865	77
86	887	77
86	900	77
86	918	77
166	93	234
166	309	234
166	315	234
166	372	234
166	389	234
166	419	234
166	457	234
166	482	234
166	576	234
166	680	234
166	706	234
166	868	234
166	884	234
166	179	234
598	103	336
501	180	225
167	354	121
395	93	179
395	179	179
917	192	288
799	118	160
799	192	160
655	118	295
655	192	295
927	177	362
729	103	169
662	102	56
319	89	142
319	92	142
319	95	142
319	96	142
319	109	142
319	192	142
305	93	40
305	179	40
459	91	245
459	169	245
459	182	245
459	184	245
459	193	245
776	89	223
776	92	223
776	95	223
776	96	223
776	109	223
776	192	223
590	93	93
590	179	93
951	89	9
951	92	9
951	95	9
951	96	9
951	109	9
951	192	9
283	93	113
283	179	113
410	88	50
168	516	34
168	688	34
168	689	34
88	256	279
88	285	279
88	405	279
88	513	279
88	599	279
88	600	279
88	605	279
88	618	279
88	765	279
88	786	279
88	794	279
88	840	279
89	326	238
89	349	238
89	420	238
89	436	238
89	475	238
89	497	238
89	602	238
89	627	238
89	808	238
705	93	108
705	179	108
439	98	34
439	190	34
663	103	375
602	92	106
602	95	106
602	96	106
602	109	106
602	192	106
904	93	388
904	179	388
777	183	37
777	185	37
777	186	37
777	187	37
837	102	286
343	93	132
343	179	132
169	271	103
169	707	103
672	103	222
603	103	205
446	93	202
446	179	202
706	119	52
706	120	52
780	118	345
780	192	345
808	92	37
808	95	37
808	96	37
808	109	37
808	192	37
224	93	392
224	179	392
358	118	98
358	192	98
359	118	14
359	192	14
813	93	54
813	179	54
341	118	230
341	192	230
360	192	16
404	93	392
404	179	392
243	93	14
243	179	14
639	111	303
639	115	303
639	116	303
639	189	303
583	118	341
583	192	341
757	103	72
772	93	264
772	179	264
389	119	6
389	120	6
484	179	177
827	116	164
468	179	15
90	959	87
90	963	87
90	964	87
814	118	13
814	192	13
290	102	98
496	111	321
496	115	321
496	116	321
496	189	321
299	103	363
900	118	247
900	192	247
502	102	346
688	170	106
688	171	106
91	271	233
91	707	233
547	93	163
547	179	163
668	93	318
668	179	318
689	170	75
689	171	75
300	101	395
300	113	395
300	114	395
846	102	357
735	93	262
735	179	262
758	93	185
758	179	185
934	93	395
934	179	395
883	111	182
883	115	182
883	116	182
883	189	182
627	92	190
627	95	190
627	96	190
627	109	190
627	192	190
452	102	135
485	93	241
485	179	241
957	101	208
957	113	208
957	114	208
955	179	195
306	177	274
92	326	49
92	349	49
92	420	49
92	436	49
92	475	49
92	497	49
867	102	175
170	516	382
838	118	270
838	192	270
533	94	91
533	97	91
533	104	91
533	110	91
533	112	91
93	102	150
93	257	150
93	280	150
93	316	150
93	320	150
93	334	150
93	376	150
93	390	150
93	422	150
93	432	150
93	450	150
93	469	150
93	476	150
93	478	150
93	522	150
93	549	150
93	616	150
93	664	150
93	678	150
93	718	150
93	753	150
93	763	150
93	781	150
93	788	150
93	793	150
93	805	150
93	828	150
93	847	150
93	859	150
93	876	150
93	888	150
93	891	150
93	907	150
93	946	150
93	958	150
839	98	4
839	108	4
839	190	4
773	181	114
171	516	92
887	118	46
887	192	46
469	179	343
656	102	138
174	542	176
174	647	176
175	542	2
175	647	2
94	333	57
486	118	257
486	192	257
176	542	221
176	647	221
888	179	24
177	526	31
177	677	31
497	95	206
497	96	206
497	109	206
497	192	206
419	119	11
419	120	11
178	542	266
178	647	266
611	188	12
611	194	12
548	188	245
548	194	245
225	101	112
225	113	112
225	114	112
918	118	181
918	192	181
226	101	56
226	113	56
226	114	56
227	101	56
227	113	56
227	114	56
774	102	307
228	101	300
228	113	300
228	114	300
229	101	286
229	113	286
229	114	286
230	101	315
230	113	315
230	114	315
251	103	327
95	326	154
95	349	154
95	420	154
95	436	154
95	475	154
509	102	157
763	179	21
96	326	235
96	349	235
96	420	235
96	436	235
96	475	235
231	101	5
231	113	5
231	114	5
232	101	331
232	113	331
232	114	331
233	101	399
233	113	399
233	114	399
97	333	116
674	111	325
674	115	325
674	116	325
674	189	325
432	179	239
98	692	100
98	764	100
98	906	100
851	103	271
576	119	121
576	120	121
891	179	53
804	179	293
179	102	2
179	257	2
179	280	2
179	316	2
179	320	2
179	334	2
179	376	2
179	390	2
179	422	2
179	450	2
179	476	2
179	478	2
179	522	2
179	549	2
179	613	2
179	616	2
179	664	2
179	678	2
179	712	2
179	718	2
179	753	2
179	781	2
179	788	2
179	793	2
179	805	2
179	847	2
179	859	2
179	876	2
179	907	2
179	946	2
179	958	2
99	563	74
99	564	74
100	959	26
100	963	26
100	964	26
101	235	79
101	236	79
101	959	79
101	963	79
101	964	79
792	111	171
792	115	171
792	116	171
792	189	171
102	321	323
102	344	323
102	503	323
102	515	323
102	607	323
102	648	323
102	681	323
102	683	323
102	726	323
102	736	323
102	778	323
102	818	323
102	833	323
102	921	323
102	960	323
103	113	201
103	263	201
103	406	201
103	593	201
103	657	201
103	682	201
103	700	201
103	747	201
103	817	201
103	841	201
534	180	218
698	195	335
244	118	149
244	192	149
865	118	303
865	192	303
868	119	177
868	120	177
563	191	279
564	191	162
104	333	372
106	542	330
106	647	330
106	111	330
106	115	330
106	116	330
106	189	330
105	542	383
105	647	383
180	107	146
180	640	146
181	938	339
107	542	294
107	647	294
959	113	32
959	114	32
604	118	284
604	192	284
680	119	40
680	120	40
842	195	65
182	271	396
182	707	396
108	692	79
108	764	79
108	906	79
108	118	79
108	192	79
184	271	111
184	707	111
109	326	129
109	349	129
109	420	129
109	436	129
109	475	129
746	111	46
746	115	46
746	116	46
746	189	46
963	113	273
963	114	273
964	113	92
964	114	92
326	192	82
764	190	68
188	355	312
110	333	82
385	195	292
189	262	179
189	308	179
189	381	179
189	716	179
189	782	179
333	112	384
190	692	376
190	906	376
311	118	83
311	192	83
111	262	270
111	308	270
111	381	270
111	716	270
111	782	270
308	115	165
308	116	165
701	118	236
701	192	236
475	192	68
647	117	33
381	115	107
381	116	107
570	192	238
113	235	248
113	236	248
755	118	101
755	192	101
192	349	291
192	420	291
192	436	291
192	447	291
192	493	291
192	585	291
716	115	217
716	116	217
114	234	25
114	235	25
114	236	25
115	262	237
115	782	237
116	262	308
116	782	308
447	118	84
309	119	256
309	120	256
271	193	285
355	194	201
542	117	232
315	119	123
315	120	123
707	193	133
585	118	350
118	493	114
372	119	10
372	120	10
