5000	7875
2748	660	296
2749	660	280
4904	219	209
4497	40	287
4498	40	94
2750	660	125
4499	40	20
4909	219	274
4905	219	180
4906	219	57
4907	219	48
2945	855	17
2945	867	17
4908	219	149
2751	660	288
0	3004	186
0	3005	186
0	3006	186
0	930	186
2946	855	308
2946	867	308
2947	855	102
2947	867	102
1906	900	229
1906	924	229
1907	616	263
1907	777	263
1907	778	263
1907	868	263
1907	872	263
3498	661	232
3498	663	232
3498	849	232
3498	873	232
1	937	48
1	938	48
2	2996	180
2	3447	180
2	3448	180
2	930	180
2	937	180
2	938	180
3	3446	275
3	4859	275
3	4860	275
3	930	275
3	937	275
3	938	275
4	2710	184
4	3160	184
4	3165	184
4	930	184
4	937	184
4	938	184
5	2817	265
5	2818	265
5	3473	265
5	930	265
5	938	265
6	2273	223
6	3575	223
6	3576	223
6	930	223
7	2251	84
7	2252	84
7	2253	84
7	930	84
7	937	84
7	938	84
8	1966	359
8	2727	359
8	2728	359
8	930	359
8	937	359
8	938	359
9	3070	158
9	3071	158
9	3396	158
9	930	158
9	937	158
9	938	158
10	3778	148
10	3779	148
10	3780	148
10	930	148
10	937	148
10	938	148
11	2919	194
11	4863	194
11	4864	194
11	930	194
11	937	194
11	938	194
12	3280	365
12	4805	365
12	4806	365
12	930	365
12	937	365
13	3305	266
13	3306	266
13	3372	266
13	930	266
14	3211	346
14	3212	346
14	3213	346
14	930	346
14	937	346
14	938	346
15	937	354
16	3111	383
16	4811	383
16	4812	383
16	668	383
16	850	383
16	908	383
16	930	383
16	937	383
16	938	383
17	2834	172
17	3935	172
17	3936	172
17	930	172
17	937	172
17	938	172
18	2093	132
18	2094	132
18	2095	132
18	930	132
18	937	132
18	938	132
19	2662	336
19	2731	336
19	3321	336
19	930	336
19	937	336
19	938	336
20	937	232
20	938	232
21	2825	164
21	2826	164
21	3519	164
21	930	164
21	937	164
21	938	164
22	2117	131
22	4978	131
22	4979	131
22	930	131
22	937	131
22	938	131
23	3350	276
23	4870	276
23	4871	276
23	930	276
23	937	276
23	938	276
4998	937	355
24	937	221
24	938	221
25	2117	182
25	4978	182
25	4979	182
25	930	182
25	937	182
25	938	182
26	937	139
26	938	139
27	937	268
28	2204	125
28	3771	125
28	3772	125
28	930	125
28	937	125
28	938	125
29	2117	82
29	4978	82
29	4979	82
29	930	82
29	937	82
29	938	82
30	2769	122
30	4819	122
30	4820	122
30	930	122
30	937	122
30	938	122
31	3249	360
31	4047	360
31	4048	360
31	4049	360
31	930	360
31	937	360
31	938	360
32	937	28
32	938	28
33	2989	76
33	3387	76
33	3388	76
33	3389	76
33	930	76
33	937	76
33	938	76
34	937	41
34	938	41
35	3137	95
35	3138	95
35	3139	95
35	930	95
35	937	95
35	938	95
36	2225	159
36	3257	159
36	3628	159
36	3629	159
36	930	159
36	937	159
36	938	159
37	937	371
37	938	371
38	3267	92
38	4880	92
38	4881	92
38	930	92
39	4948	337
39	4949	337
39	4950	337
39	4951	337
39	930	337
39	937	337
39	938	337
40	2718	74
40	930	74
40	937	74
40	938	74
41	4054	9
41	4604	9
41	4605	9
41	930	9
41	937	9
41	938	9
42	3652	238
42	3653	238
42	4798	238
42	4799	238
42	930	238
42	937	238
42	938	238
43	2801	3
43	4423	3
43	4424	3
43	4425	3
43	930	3
43	937	3
43	938	3
44	3501	28
44	4829	28
44	4830	28
44	4831	28
44	930	28
44	937	28
44	938	28
45	937	9
45	938	9
46	2988	30
46	4943	30
46	4944	30
46	4945	30
46	930	30
46	937	30
46	938	30
47	3438	64
47	4337	64
47	4338	64
47	4339	64
47	930	64
47	937	64
47	938	64
48	3008	332
48	3031	332
48	3032	332
48	3033	332
48	930	332
48	937	332
48	938	332
49	2991	170
49	2992	170
49	2993	170
49	2994	170
49	930	170
49	937	170
49	938	170
50	2991	75
50	2992	75
50	2993	75
50	2994	75
50	930	75
50	937	75
50	938	75
51	2114	45
51	2880	45
51	4220	45
51	930	45
51	937	45
51	938	45
52	1993	313
52	2198	313
52	4073	313
52	4074	313
52	930	313
52	937	313
52	938	313
53	3781	227
53	4739	227
53	4740	227
53	4741	227
53	930	227
53	937	227
53	938	227
1910	300	398
1910	438	398
1910	583	398
1910	741	398
1910	783	398
1910	856	398
1910	868	398
1910	872	398
54	4328	246
54	4329	246
54	4330	246
54	930	246
54	937	246
54	938	246
56	2674	206
56	2675	206
56	2676	206
56	2677	206
56	930	206
56	937	206
56	938	206
55	2942	358
55	2943	358
55	3373	358
55	3374	358
55	930	358
55	937	358
55	938	358
57	4546	269
57	4826	269
57	4827	269
57	4828	269
57	930	269
58	937	124
59	1943	4
59	4992	4
59	4993	4
59	4994	4
59	930	4
59	937	4
59	938	4
60	937	213
60	938	213
61	2207	158
61	4736	158
61	4737	158
61	4738	158
61	930	158
61	937	158
61	938	158
62	2292	67
62	2294	67
62	2295	67
62	2296	67
62	930	67
62	937	67
62	938	67
63	4607	272
63	4608	272
63	4609	272
63	4610	272
63	930	272
63	937	272
63	938	272
64	2202	279
64	2835	279
64	3218	279
64	4437	279
64	930	279
64	937	279
64	938	279
65	2194	342
65	4932	342
65	4933	342
65	4934	342
65	930	342
65	937	342
65	938	342
66	3618	58
66	3619	58
66	3620	58
66	3621	58
66	930	58
67	4253	186
67	4254	186
67	4255	186
67	4256	186
67	930	186
67	937	186
67	938	186
68	1927	340
68	4995	340
68	4996	340
68	4997	340
68	930	340
69	3784	386
69	4186	386
69	4187	386
69	4188	386
69	930	386
70	2836	55
70	2922	55
70	4447	55
70	4448	55
70	930	55
70	937	55
70	938	55
71	1982	146
71	3762	146
71	3763	146
71	3764	146
71	930	146
72	2743	255
72	3250	255
72	3251	255
72	3252	255
72	930	255
73	2941	245
73	4427	245
73	4428	245
73	4429	245
73	930	245
73	937	245
73	938	245
74	3243	134
74	3310	134
74	3311	134
74	4211	134
74	930	134
74	937	134
74	938	134
75	3767	307
75	4742	307
75	4743	307
75	930	307
75	938	307
76	3767	99
76	4742	99
76	4743	99
76	930	99
77	3244	75
77	3759	75
77	3760	75
77	3761	75
77	930	75
77	937	75
77	938	75
78	3665	238
78	3666	238
78	3667	238
78	3668	238
78	930	238
78	937	238
78	938	238
79	2260	90
79	2972	90
79	2973	90
79	4825	90
79	668	90
79	930	90
79	937	90
79	938	90
80	2916	195
80	2917	195
80	3976	195
80	4622	195
80	930	195
80	937	195
80	938	195
81	2679	376
81	3861	376
81	4430	376
81	4431	376
81	930	376
81	937	376
81	938	376
82	1876	386
82	3268	386
82	3269	386
82	3270	386
82	930	386
82	937	386
83	3072	107
83	3351	107
83	3352	107
83	3757	107
83	930	107
83	937	107
83	938	107
84	3948	15
84	4636	15
84	4637	15
84	4638	15
84	930	15
85	3948	96
85	4636	96
85	4637	96
85	4638	96
85	937	96
85	938	96
86	3948	318
86	4636	318
86	4637	318
86	4638	318
86	930	318
86	937	318
86	938	318
4999	938	100
2752	315	238
87	937	38
87	938	38
88	937	286
2753	660	182
89	937	353
89	938	353
90	937	78
90	938	78
91	2003	113
91	2004	113
91	2005	113
91	3051	113
91	930	113
91	937	113
91	938	113
92	4044	284
92	4170	284
92	4171	284
92	4172	284
92	930	284
93	937	218
93	938	218
94	937	110
94	938	110
95	3065	359
95	3801	359
95	3802	359
95	3803	359
95	930	359
95	937	359
95	938	359
96	2829	334
96	2846	334
96	3255	334
96	4113	334
96	930	334
96	937	334
96	938	334
97	937	178
97	938	178
98	2735	258
98	3499	258
98	3500	258
98	4166	258
98	930	258
98	937	258
98	938	258
2267	872	322
3007	585	338
3007	656	338
3007	699	338
3007	831	338
99	938	343
3009	656	315
3009	699	315
3009	831	315
1912	924	207
3010	553	61
3010	656	61
3010	699	61
3010	831	61
3011	553	386
3011	585	386
3011	656	386
3011	699	386
3011	831	386
3012	585	101
3012	656	101
3012	699	101
3013	553	393
3013	585	393
3013	656	393
3013	831	393
3014	656	299
3014	831	299
3015	585	154
3015	656	154
3015	699	154
3015	831	154
3016	553	329
3016	585	329
3016	656	329
3016	831	329
3017	585	12
3017	656	12
3017	699	12
3017	831	12
3018	553	355
3018	585	355
3018	656	355
3019	656	239
3019	699	239
3019	831	239
3020	656	169
3021	553	350
3021	585	350
3021	656	350
3021	831	350
3022	553	298
3022	585	298
3022	656	298
3022	831	298
3023	553	78
3023	585	78
3023	656	78
3023	831	78
3024	553	151
3024	585	151
3024	656	151
3024	699	151
3024	831	151
100	937	250
101	3857	280
101	3858	280
101	3859	280
101	3860	280
101	930	280
102	3253	162
102	3278	162
102	4879	162
102	930	162
103	2669	361
103	2670	361
103	4974	361
103	4975	361
103	930	361
3025	553	353
3025	585	353
3025	656	353
3025	699	353
3025	831	353
3026	585	24
3026	656	24
3026	699	24
3026	831	24
3027	553	62
3027	585	62
3027	656	62
3027	699	62
3027	831	62
3028	656	42
3028	831	42
3029	585	392
3029	656	392
3029	699	392
3029	831	392
3030	656	171
3030	699	171
104	1839	21
104	2168	21
104	3304	21
104	4903	21
104	930	21
104	937	21
105	2039	249
105	4952	249
105	4953	249
105	4954	249
105	930	249
105	937	249
105	938	249
106	2177	133
106	2178	133
106	4976	133
106	4977	133
106	908	133
106	930	133
2268	924	244
1913	615	37
1913	616	37
1913	618	37
1913	655	37
1913	701	37
1913	777	37
1913	778	37
1913	867	37
107	938	342
108	3302	208
108	4394	208
108	4395	208
108	4396	208
108	4397	208
108	930	208
109	938	130
110	3049	1
110	3219	1
110	3220	1
110	3221	1
110	3222	1
110	776	1
110	937	1
110	938	1
111	3049	230
111	3219	230
111	3220	230
111	3221	230
111	3222	230
111	930	230
111	937	230
112	4305	31
112	4306	31
112	4307	31
112	4308	31
112	4309	31
112	930	31
112	938	31
113	937	313
113	938	313
114	3427	297
114	3428	297
114	3429	297
114	3430	297
114	3431	297
114	930	297
114	937	297
114	938	297
115	4619	376
115	4620	376
115	4621	376
115	930	376
115	937	376
115	938	376
116	2823	136
116	3073	136
116	3074	136
116	3075	136
116	930	136
117	3039	364
117	3475	364
117	3476	364
117	3477	364
117	3630	364
117	930	364
118	2297	10
118	2803	10
118	2995	10
118	4722	10
118	4723	10
118	930	10
118	937	10
118	938	10
119	2859	395
119	3627	395
119	3862	395
119	3863	395
119	930	395
119	937	395
119	938	395
120	1842	157
120	3623	157
120	3624	157
120	3625	157
120	3626	157
120	930	157
120	937	157
120	938	157
121	2222	344
121	2663	344
121	4024	344
121	4025	344
121	930	344
121	937	344
121	938	344
122	3994	238
122	4611	238
122	4612	238
122	4613	238
122	4614	238
122	776	238
122	930	238
122	937	238
122	938	238
123	725	381
123	938	381
124	4418	9
124	4419	9
124	4420	9
124	4421	9
124	4422	9
124	930	9
124	937	9
124	938	9
125	3393	236
125	3394	236
125	3395	236
125	4617	236
125	4618	236
125	930	236
125	937	236
126	937	278
126	938	278
127	4398	390
127	4399	390
127	4400	390
127	930	390
127	937	390
128	4253	70
128	4254	70
128	4255	70
128	4256	70
128	937	70
129	937	380
129	938	380
130	2307	165
130	4807	165
130	4808	165
130	4809	165
130	4810	165
130	930	165
130	937	165
130	938	165
131	3577	240
131	3578	240
131	3579	240
131	3580	240
131	3581	240
131	930	240
131	938	240
132	3783	158
132	4050	158
132	4051	158
132	4052	158
132	4053	158
132	930	158
133	2841	235
133	2842	235
133	2843	235
133	4946	235
133	4947	235
133	930	235
133	937	235
133	938	235
134	937	259
134	938	259
135	4007	109
135	4008	109
135	4009	109
135	4010	109
135	4011	109
135	930	109
135	937	109
135	938	109
3128	174	60
3128	738	60
3129	174	3
3129	738	3
3130	174	380
3130	738	380
136	2220	82
136	2953	82
136	3433	82
136	3434	82
136	3435	82
136	930	82
3131	174	56
3131	738	56
3034	149	29
3034	242	29
2096	900	227
2096	924	227
3035	149	0
3036	149	292
3037	149	189
3038	149	64
137	937	70
137	938	70
138	3214	98
138	3215	98
138	3216	98
138	3217	98
138	4631	98
138	930	98
138	937	98
138	938	98
139	3418	1
139	3419	1
139	3548	1
139	3549	1
139	930	1
140	2724	252
140	2725	252
140	4700	252
140	930	252
141	2123	163
141	2795	163
141	3755	163
141	3804	163
141	3805	163
141	930	163
141	937	163
141	938	163
142	3246	12
142	4915	12
142	4916	12
142	4917	12
142	4918	12
142	930	12
143	4046	330
143	4193	330
143	4194	330
143	4553	330
143	930	330
143	937	330
143	938	330
3132	291	61
3133	291	259
144	938	167
145	3773	322
145	3774	322
145	3775	322
145	3776	322
145	3777	322
145	930	322
145	937	322
145	938	322
146	2920	106
146	4718	106
146	4719	106
146	4720	106
146	4721	106
146	930	106
147	2944	21
147	3540	21
147	4821	21
147	4822	21
147	4823	21
147	4824	21
147	930	21
147	937	21
147	938	21
1914	270	84
148	4486	117
148	4487	117
148	4488	117
148	4489	117
148	4490	117
148	4491	117
148	930	117
148	937	117
148	938	117
149	4935	186
149	930	186
149	937	186
149	938	186
150	2704	349
150	3320	349
150	3655	349
150	3656	349
150	3657	349
150	3658	349
150	930	349
151	2208	54
151	2940	54
151	3277	54
151	3685	54
151	3686	54
151	3687	54
151	930	54
152	3651	204
152	4432	204
152	4433	204
152	4434	204
152	4435	204
152	4436	204
152	930	204
152	937	204
152	938	204
153	3204	45
153	3717	45
153	3718	45
153	3719	45
153	3720	45
153	3721	45
153	930	45
154	2930	70
154	2931	70
154	3432	70
154	3436	70
154	3437	70
154	4856	70
154	930	70
154	937	70
154	938	70
155	1817	383
155	2272	383
155	3307	383
155	3308	383
155	3309	383
155	4426	383
155	930	383
155	937	383
155	938	383
156	3265	191
156	4882	191
156	4883	191
156	4884	191
156	930	191
157	4703	251
157	4704	251
157	4705	251
157	4706	251
157	4707	251
157	4708	251
157	930	251
157	937	251
157	938	251
158	2808	96
158	2809	96
158	2810	96
158	2811	96
158	2812	96
158	2813	96
158	930	96
159	3279	1
159	3384	1
159	4554	1
159	4555	1
159	4556	1
159	4557	1
159	930	1
2035	852	184
160	4813	139
160	4814	139
160	4815	139
160	4816	139
160	4817	139
160	930	139
1835	317	292
161	937	69
161	938	69
2722	349	119
162	4522	329
162	4523	329
162	4524	329
162	4525	329
162	4526	329
162	4527	329
162	930	329
162	937	329
162	938	329
163	4514	311
163	4515	311
163	4516	311
163	4517	311
163	930	311
163	937	311
163	938	311
164	4518	151
164	4519	151
164	4520	151
164	4521	151
164	930	151
164	938	151
165	2729	199
165	4969	199
165	4970	199
165	4971	199
165	4972	199
165	4973	199
165	930	199
166	937	102
166	938	102
167	2954	116
167	3135	116
167	3261	116
167	4632	116
167	4633	116
167	4634	116
167	930	116
167	937	116
167	938	116
168	937	147
168	938	147
169	937	258
170	937	335
170	938	335
171	2028	197
171	3235	197
171	3972	197
171	3973	197
171	3974	197
171	3975	197
171	930	197
171	938	197
172	4873	288
172	4874	288
172	4875	288
172	4876	288
172	4877	288
172	4878	288
172	930	288
172	937	288
172	938	288
173	3140	266
173	3141	266
173	4911	266
173	4912	266
173	4913	266
173	930	266
173	937	266
173	938	266
174	3314	276
174	930	276
174	937	276
174	938	276
175	3315	322
175	3316	322
175	3317	322
175	3318	322
175	3319	322
175	930	322
175	937	322
175	938	322
176	937	224
176	938	224
177	937	334
177	938	334
178	4639	91
178	4640	91
178	4641	91
178	4642	91
178	4643	91
178	4644	91
178	930	91
178	937	91
178	938	91
179	2306	45
179	2948	45
179	3971	45
179	4086	45
179	4087	45
179	4088	45
179	930	45
179	937	45
179	938	45
180	938	12
181	2921	187
181	3631	187
181	3632	187
181	3633	187
181	3634	187
181	3635	187
181	930	187
181	937	187
181	938	187
182	4639	63
182	4640	63
182	4641	63
182	4642	63
182	4643	63
182	4644	63
182	930	63
183	2804	253
183	4235	253
183	4236	253
183	4237	253
183	4238	253
183	4239	253
183	930	253
2097	924	263
184	3285	255
184	4734	255
184	4735	255
184	930	255
4262	349	93
185	2955	65
185	2956	65
185	2957	65
185	3705	65
185	930	65
185	937	65
185	938	65
186	3722	234
186	3723	234
186	3724	234
186	3725	234
186	3726	234
186	4630	234
186	930	234
4853	332	48
187	3517	387
187	4800	387
187	4801	387
187	4802	387
187	4803	387
187	4804	387
187	930	387
188	3248	225
188	4189	225
188	4190	225
188	4191	225
188	4268	225
188	4269	225
188	930	225
188	937	225
188	938	225
4854	332	349
4855	332	399
189	2869	57
189	3645	57
189	3646	57
189	4291	57
189	4292	57
189	4293	57
189	930	57
4267	349	354
190	4792	169
190	4793	169
190	4794	169
190	4795	169
190	4796	169
190	4797	169
190	930	169
190	937	169
190	938	169
191	4331	202
191	4332	202
191	4333	202
191	4334	202
191	4335	202
191	4336	202
191	930	202
192	2822	136
192	3390	136
192	3391	136
192	3392	136
192	4310	136
192	4311	136
192	930	136
192	937	136
192	938	136
193	3541	15
193	3542	15
193	3543	15
193	3544	15
193	3545	15
193	3546	15
193	930	15
193	937	15
193	938	15
194	3468	112
194	3469	112
194	3470	112
194	3471	112
194	3472	112
194	4635	112
194	930	112
194	937	112
194	938	112
195	4174	217
195	4175	217
195	4176	217
195	4177	217
195	4178	217
195	4179	217
195	930	217
196	2800	19
196	2932	19
196	3245	19
196	3768	19
196	3769	19
196	3770	19
196	930	19
197	3056	35
197	3057	35
197	3058	35
197	3059	35
197	4180	35
197	930	35
197	937	35
197	938	35
198	4764	175
198	4765	175
198	4766	175
198	4767	175
198	4768	175
198	930	175
198	937	175
198	938	175
199	2747	342
199	2913	342
199	3617	342
199	4069	342
199	4070	342
199	4603	342
199	930	342
200	2678	290
200	3806	290
200	3807	290
200	4167	290
200	4168	290
200	4169	290
200	930	290
201	937	351
201	938	351
202	3358	314
202	3750	314
202	3751	314
202	3752	314
202	3753	314
202	3754	314
202	930	314
203	2219	216
203	3055	216
203	3076	216
203	3077	216
203	3078	216
203	3079	216
203	930	216
204	4769	243
204	4770	243
204	4771	243
204	4772	243
204	4773	243
204	4774	243
204	930	243
204	937	243
204	938	243
205	3378	173
205	3379	173
205	3380	173
205	3381	173
205	4861	173
205	4862	173
205	930	173
205	937	173
205	938	173
206	3354	296
206	4865	296
206	4866	296
206	4867	296
206	4868	296
206	4869	296
206	930	296
207	2732	287
207	4832	287
207	4833	287
207	4834	287
207	4835	287
207	930	287
208	2827	313
208	3262	313
208	3263	313
208	3264	313
208	3977	313
208	4615	313
208	930	313
208	937	313
208	938	313
209	3397	128
209	3398	128
209	3399	128
209	3400	128
209	3401	128
209	4858	128
209	930	128
3134	291	357
210	3822	117
210	3949	117
210	3950	117
210	3951	117
210	3952	117
210	3953	117
210	930	117
211	3707	331
211	3708	331
211	3709	331
211	3710	331
211	4791	331
211	930	331
212	2762	72
212	2763	72
212	2764	72
212	3636	72
212	3955	72
212	3956	72
212	930	72
213	2802	154
213	3325	154
213	3326	154
213	3327	154
213	4872	154
213	930	154
214	2106	381
214	2791	381
214	2792	381
214	930	381
215	937	138
215	938	138
216	3146	75
216	3147	75
216	3148	75
216	3149	75
216	3150	75
216	4910	75
216	930	75
217	937	189
217	938	189
218	3069	49
218	3259	49
218	3343	49
218	3344	49
218	3345	49
218	3346	49
218	930	49
218	938	49
219	930	18
220	3231	339
220	3232	339
220	3233	339
220	930	339
220	937	339
220	938	339
221	4367	61
221	4368	61
221	4369	61
221	4370	61
221	4371	61
221	4372	61
221	930	61
222	3808	28
222	4373	28
222	4374	28
222	4375	28
222	4376	28
222	4377	28
222	930	28
223	3808	59
223	4373	59
223	4374	59
223	4375	59
223	4376	59
223	4377	59
223	930	59
224	937	77
225	1999	199
225	4089	199
225	4090	199
225	4091	199
225	4092	199
225	4093	199
225	4094	199
225	930	199
225	937	199
225	938	199
226	2306	358
226	2948	358
226	3971	358
226	4085	358
226	4086	358
226	4087	358
226	4088	358
226	930	358
226	937	358
226	938	358
227	2729	137
227	4969	137
227	4970	137
227	4971	137
227	4972	137
227	4973	137
227	937	137
228	937	360
2000	924	362
1915	618	280
1916	852	160
1916	867	160
1917	867	16
2098	924	162
229	937	39
2099	867	46
2924	345	155
230	937	294
2036	924	35
2269	924	189
2321	253	324
2754	900	389
2754	924	389
2796	524	390
2270	924	218
2860	304	251
2100	924	273
2824	250	40
231	235	207
232	772	391
232	821	391
232	900	391
232	924	391
2797	350	131
233	924	305
2918	301	146
1949	924	331
2723	277	237
2723	316	237
2703	924	369
2109	289	212
2037	900	344
2037	924	344
4045	265	117
2798	900	275
2798	924	275
1818	315	61
234	938	138
235	1843	238
235	1888	238
235	1892	238
235	1964	238
235	2661	238
235	2832	238
235	2914	238
235	3116	238
235	3711	238
235	3712	238
235	3713	238
235	3714	238
235	3715	238
235	3716	238
235	930	238
235	937	238
235	938	238
236	937	218
236	938	218
237	2745	99
237	3303	99
237	4012	99
237	4013	99
237	4014	99
237	4015	99
237	4016	99
237	4017	99
237	4018	99
237	4019	99
237	4020	99
237	4021	99
237	4022	99
237	4023	99
237	930	99
237	937	99
237	938	99
238	4775	195
238	4776	195
238	4777	195
238	4778	195
238	4779	195
238	4780	195
238	4781	195
238	4782	195
238	4783	195
238	4784	195
238	4785	195
238	4786	195
238	4787	195
238	4788	195
238	4789	195
238	930	195
238	937	195
238	938	195
239	937	137
239	938	137
240	2203	8
240	2737	8
240	2738	8
240	2852	8
240	2894	8
240	3322	8
240	3323	8
240	3643	8
240	3794	8
240	3795	8
240	3796	8
240	3797	8
240	3798	8
240	3799	8
240	3800	8
240	930	8
240	937	8
240	938	8
241	937	22
241	938	22
242	937	14
242	938	14
243	3586	206
243	3588	206
243	3590	206
243	3591	206
243	3592	206
243	3593	206
243	3594	206
243	3595	206
243	3596	206
243	3597	206
243	3598	206
243	3599	206
243	3600	206
243	3615	206
243	930	206
243	937	206
243	938	206
244	3586	245
244	3587	245
244	3588	245
244	3590	245
244	3591	245
244	3592	245
244	3593	245
244	3594	245
244	3595	245
244	3596	245
244	3597	245
244	3598	245
244	3599	245
244	3600	245
244	3615	245
244	930	245
244	937	245
244	938	245
245	2673	261
245	3478	261
245	3479	261
245	3480	261
245	3481	261
245	3482	261
245	3483	261
245	3484	261
245	3485	261
245	3486	261
245	3487	261
245	3488	261
245	3489	261
245	3490	261
245	3491	261
245	930	261
245	937	261
245	938	261
246	1846	242
246	2711	242
246	2816	242
246	2974	242
246	2975	242
246	2976	242
246	2977	242
246	2978	242
246	2979	242
246	2980	242
246	2981	242
246	2982	242
246	2983	242
246	2984	242
246	4173	242
246	930	242
246	937	242
246	938	242
247	937	230
247	938	230
248	937	128
248	938	128
249	1829	279
249	1838	279
249	1859	279
249	1860	279
249	1861	279
249	1862	279
249	1863	279
249	1864	279
249	1865	279
249	1866	279
249	1867	279
249	1868	279
249	1869	279
249	1870	279
249	1871	279
249	930	279
249	937	279
249	938	279
250	1820	213
250	1844	213
250	2108	213
250	2246	213
250	2815	213
250	3110	213
250	3281	213
250	3282	213
250	3353	213
250	3660	213
250	3661	213
250	3662	213
250	3663	213
250	3664	213
250	930	213
250	937	213
250	938	213
251	937	52
251	938	52
252	3932	18
252	3933	18
252	4388	18
252	4389	18
252	4390	18
252	4391	18
252	4392	18
252	4393	18
252	930	18
252	937	18
252	938	18
253	2665	164
253	2726	164
253	2889	164
253	2890	164
253	2891	164
253	3258	164
253	3382	164
253	3637	164
253	3638	164
253	3639	164
253	3640	164
253	3641	164
253	930	164
253	937	164
254	937	254
254	938	254
255	1994	335
255	4500	335
255	4501	335
255	4502	335
255	4503	335
255	4504	335
255	4505	335
255	4506	335
255	4507	335
255	4508	335
255	4509	335
255	4510	335
255	4511	335
255	4512	335
255	4513	335
255	930	335
255	937	335
255	938	335
256	937	312
256	938	312
257	3256	75
257	4898	75
257	4899	75
257	4900	75
257	4901	75
257	4902	75
257	930	75
257	937	75
257	938	75
258	2031	289
258	2828	289
258	2864	289
258	2865	289
258	2866	289
258	2867	289
258	3300	289
258	3659	289
258	4165	289
258	4322	289
258	4323	289
258	4324	289
258	4325	289
258	4326	289
258	4327	289
258	930	289
258	937	289
258	938	289
259	3247	256
259	3758	256
259	3793	256
259	4465	256
259	4466	256
259	4467	256
259	4468	256
259	4469	256
259	4470	256
259	4471	256
259	4472	256
259	4473	256
259	4474	256
259	4475	256
259	4476	256
259	930	256
259	937	256
259	938	256
260	1955	248
260	2848	248
260	2849	248
260	2952	248
260	3080	248
260	3081	248
260	3082	248
260	3520	248
260	3521	248
260	3522	248
260	3523	248
260	3524	248
260	3525	248
260	3526	248
260	3527	248
260	930	248
260	937	248
260	938	248
261	937	167
261	938	167
262	3136	278
262	4980	278
262	4981	278
262	4982	278
262	4983	278
262	4984	278
262	4985	278
262	4986	278
262	4987	278
262	4988	278
262	4989	278
262	4990	278
262	4991	278
262	930	278
263	3136	35
263	4980	35
263	4981	35
263	4982	35
263	4983	35
263	4984	35
263	4985	35
263	4986	35
263	4987	35
263	4988	35
263	4989	35
263	4990	35
263	4991	35
263	930	35
263	937	35
263	938	35
264	3439	177
264	3440	177
264	3441	177
264	3442	177
264	3443	177
264	3444	177
264	4438	177
264	4439	177
264	4440	177
264	4441	177
264	4442	177
264	4443	177
264	4444	177
264	4445	177
264	4446	177
264	930	177
264	937	177
264	938	177
265	3236	321
265	3237	321
265	3238	321
265	3239	321
265	3449	321
265	3450	321
265	3451	321
265	3452	321
265	3453	321
265	4492	321
265	4493	321
265	4494	321
265	4495	321
265	4496	321
265	930	321
266	937	274
266	938	274
267	938	339
268	937	265
268	938	265
269	937	218
269	938	218
270	2044	75
270	2075	75
270	2205	75
270	2206	75
270	2895	75
270	2896	75
270	4212	75
270	4213	75
270	4214	75
270	4215	75
270	4216	75
270	4217	75
270	4218	75
270	4219	75
270	930	75
270	937	75
270	938	75
271	937	121
271	938	121
272	3060	351
272	3061	351
272	4919	351
272	4920	351
272	4921	351
272	4922	351
272	4923	351
272	4924	351
272	4925	351
272	4926	351
272	4927	351
272	4928	351
272	4929	351
272	4930	351
272	4931	351
272	930	351
272	937	351
272	938	351
273	3060	200
273	3061	200
273	4919	200
273	4920	200
273	4921	200
273	4922	200
273	4923	200
273	4924	200
273	4925	200
273	4926	200
273	4927	200
273	4928	200
273	4929	200
273	4930	200
273	4931	200
273	930	200
273	937	200
273	938	200
274	938	30
275	4558	258
275	4559	258
275	4560	258
275	4561	258
275	4562	258
275	4563	258
275	4564	258
275	4565	258
275	4566	258
275	4567	258
275	4568	258
275	4569	258
275	4570	258
275	4571	258
275	4572	258
275	930	258
275	937	258
275	938	258
276	4528	257
276	4529	257
276	4530	257
276	4531	257
276	4532	257
276	4533	257
276	4534	257
276	4535	257
276	4536	257
276	4537	257
276	4538	257
276	4539	257
276	4540	257
276	4541	257
276	4542	257
276	930	257
276	937	257
276	938	257
277	3362	351
277	3376	351
277	3377	351
277	3996	351
277	3997	351
277	3998	351
277	3999	351
277	4000	351
277	4002	351
277	4003	351
277	4004	351
277	4005	351
277	4006	351
277	4547	351
277	930	351
277	937	351
277	938	351
278	4071	56
278	4072	56
278	4210	56
278	4477	56
278	4478	56
278	4479	56
278	4480	56
278	4481	56
278	4482	56
278	4483	56
278	4484	56
278	4485	56
278	4550	56
278	4551	56
278	4552	56
278	930	56
279	937	115
279	938	115
280	937	161
280	938	161
281	2794	65
281	2807	65
281	3355	65
281	3356	65
281	3357	65
281	4378	65
281	4379	65
281	4380	65
281	4381	65
281	4382	65
281	4383	65
281	4384	65
281	4385	65
281	4386	65
281	4387	65
281	930	65
281	937	65
281	938	65
282	2794	10
282	2807	10
282	3355	10
282	3356	10
282	4378	10
282	4379	10
282	4380	10
282	4382	10
282	4383	10
282	4384	10
282	4385	10
282	4386	10
282	4387	10
282	937	10
282	938	10
283	937	66
283	938	66
284	937	23
284	938	23
285	937	275
285	938	275
286	2102	156
286	2103	156
286	2104	156
286	2105	156
286	2733	156
286	3053	156
286	3054	156
286	3112	156
286	3113	156
286	3114	156
286	3115	156
286	3283	156
286	3349	156
286	3574	156
286	3582	156
286	930	156
287	3143	322
287	3144	322
287	3145	322
287	3386	322
287	3426	322
287	4103	322
287	4104	322
287	4105	322
287	4106	322
287	4107	322
287	4108	322
287	4109	322
287	4110	322
287	4111	322
287	4112	322
287	930	322
287	937	322
287	938	322
288	937	124
288	938	124
289	1826	302
289	2110	302
289	2113	302
289	2245	302
289	2298	302
289	2664	302
289	2668	302
289	2881	302
289	2882	302
289	2883	302
289	2884	302
289	2885	302
289	2886	302
289	2887	302
289	2888	302
289	930	302
289	937	302
289	938	302
290	937	391
290	938	391
291	1809	160
291	1884	160
291	2030	160
291	2107	160
291	2903	160
291	2904	160
291	2905	160
291	2906	160
291	2907	160
291	2908	160
291	2909	160
291	2910	160
291	2911	160
291	930	160
291	937	160
291	938	160
292	3689	98
292	3690	98
292	3691	98
292	3692	98
292	3693	98
292	3694	98
292	3695	98
292	3696	98
292	3697	98
292	3698	98
292	3699	98
292	3700	98
292	3701	98
292	3702	98
292	3703	98
292	3704	98
292	930	98
292	937	98
292	938	98
293	937	36
293	938	36
294	938	226
295	1848	388
295	3642	388
295	4055	388
295	4056	388
295	4057	388
295	4058	388
295	4059	388
295	4060	388
295	4061	388
295	4062	388
295	4063	388
295	4064	388
295	4065	388
295	4066	388
295	4067	388
295	4068	388
295	930	388
295	937	388
295	938	388
296	937	65
296	938	65
297	3688	222
297	4340	222
297	4341	222
297	4342	222
297	4343	222
297	4344	222
297	4345	222
297	4346	222
297	4347	222
297	4348	222
297	4349	222
297	4350	222
297	4351	222
297	4352	222
297	930	222
298	3978	394
298	3979	394
298	3980	394
298	3981	394
298	3982	394
298	3983	394
298	3984	394
298	3985	394
298	3986	394
298	3987	394
298	3988	394
298	3989	394
298	3990	394
298	3991	394
298	3992	394
298	3993	394
298	930	394
298	937	394
298	938	394
299	4775	240
299	4776	240
299	4777	240
299	4778	240
299	4779	240
299	4780	240
299	4781	240
299	4782	240
299	4783	240
299	4784	240
299	4785	240
299	4786	240
299	4787	240
299	4788	240
299	4789	240
299	4790	240
299	930	240
299	937	240
299	938	240
301	2898	393
301	2958	393
301	2959	393
301	2960	393
301	2961	393
301	2962	393
301	2963	393
301	2964	393
301	2965	393
301	2966	393
301	2967	393
301	2968	393
301	2969	393
301	2970	393
301	2971	393
301	930	393
301	937	393
301	938	393
302	937	218
302	938	218
303	937	90
303	938	90
304	2870	74
304	2871	74
304	2872	74
304	2873	74
304	2874	74
304	2875	74
304	2876	74
304	2877	74
304	2878	74
304	2939	74
304	3040	74
304	3328	74
304	3644	74
304	930	74
305	2127	375
305	2128	375
305	2129	375
305	2130	375
305	2131	375
305	2132	375
305	2133	375
305	2134	375
305	2135	375
305	2136	375
305	2137	375
305	2138	375
305	2139	375
305	2140	375
305	930	375
305	937	375
305	938	375
306	1976	194
306	2214	194
306	2701	194
306	2702	194
306	2912	194
306	2923	194
306	2990	194
306	3347	194
306	3785	194
306	3786	194
306	3787	194
306	3788	194
306	3789	194
306	4543	194
306	4544	194
306	4545	194
306	930	194
306	937	194
306	938	194
307	3083	227
307	4836	227
307	4837	227
307	4838	227
307	4839	227
307	4840	227
307	4841	227
307	4842	227
307	4843	227
307	4844	227
307	4845	227
307	4846	227
307	4847	227
307	4848	227
307	4849	227
307	4850	227
307	930	227
307	937	227
307	938	227
308	2040	92
308	2734	92
308	3809	92
308	3810	92
308	3811	92
308	3812	92
308	3813	92
308	3814	92
308	3815	92
308	3816	92
308	3817	92
308	3818	92
308	3819	92
308	3820	92
308	3821	92
308	4702	92
308	930	92
309	937	135
309	938	135
310	937	107
310	938	107
311	938	186
312	4181	96
312	4573	96
312	4574	96
312	4575	96
312	4576	96
312	4577	96
312	4578	96
312	4579	96
312	4580	96
312	4581	96
312	4582	96
312	4583	96
312	930	96
312	937	96
312	938	96
313	2111	43
313	2183	43
313	2184	43
313	2185	43
313	2186	43
313	2187	43
313	2188	43
313	2189	43
313	2190	43
313	2191	43
313	2192	43
313	2193	43
313	2290	43
313	2742	43
313	3790	43
313	3791	43
313	930	43
313	937	43
313	938	43
314	937	8
314	938	8
315	1934	245
315	1965	245
315	2255	245
315	2687	245
315	2688	245
315	2730	245
315	2814	245
315	2934	245
315	2935	245
315	2936	245
315	2937	245
315	2938	245
315	3063	245
315	3064	245
315	930	245
315	937	245
315	938	245
316	3362	97
316	3376	97
316	3377	97
316	3996	97
316	3997	97
316	3998	97
316	3999	97
316	4000	97
316	4001	97
316	4002	97
316	4003	97
316	4004	97
316	4005	97
316	4006	97
316	4547	97
316	930	97
316	937	97
316	938	97
317	1836	23
317	2781	23
317	2782	23
317	2783	23
317	2784	23
317	2785	23
317	2786	23
317	2787	23
317	2788	23
317	2789	23
317	2790	23
317	2861	23
317	2862	23
317	4548	23
317	4549	23
317	930	23
318	3585	96
318	3586	96
318	3588	96
318	3590	96
318	3591	96
318	3592	96
318	3593	96
318	3594	96
318	3595	96
318	3596	96
318	3597	96
318	3598	96
318	3599	96
318	3600	96
318	3614	96
318	3615	96
318	930	96
318	937	96
318	938	96
319	4587	188
319	4588	188
319	4589	188
319	4590	188
319	4591	188
319	4592	188
319	4593	188
319	4594	188
319	4595	188
319	4596	188
319	4597	188
319	4598	188
319	4599	188
319	4600	188
319	4601	188
319	4602	188
319	930	188
319	937	188
319	938	188
320	2744	267
320	2863	267
320	3098	267
320	3099	267
320	3100	267
320	3101	267
320	3102	267
320	3103	267
320	3104	267
320	3105	267
320	3106	267
320	3107	267
320	3108	267
320	3109	267
320	930	267
320	937	267
320	938	267
321	937	24
321	938	24
322	4449	346
322	4450	346
322	4451	346
322	4452	346
322	4453	346
322	4454	346
322	4455	346
322	4456	346
322	4457	346
322	4458	346
322	4459	346
322	4460	346
322	4461	346
322	4462	346
322	4463	346
322	4464	346
322	930	346
322	937	346
322	938	346
323	937	149
323	938	149
324	2892	22
324	3360	22
324	3361	22
324	4075	22
324	4076	22
324	4077	22
324	4078	22
324	4079	22
324	4080	22
324	4081	22
324	4082	22
324	4083	22
324	930	22
324	937	22
324	938	22
325	3454	282
325	3455	282
325	3456	282
325	3457	282
325	3458	282
325	3459	282
325	3460	282
325	3461	282
325	3462	282
325	3463	282
325	3464	282
325	3465	282
325	3466	282
325	930	282
325	937	282
325	938	282
326	2118	202
326	2899	202
326	3084	202
326	3085	202
326	3086	202
326	3087	202
326	3088	202
326	3089	202
326	3090	202
326	3091	202
326	3092	202
326	3093	202
326	3094	202
326	3095	202
326	3096	202
326	930	202
327	2997	389
327	2998	389
327	2999	389
327	3000	389
327	3001	389
327	3002	389
327	4936	389
327	4937	389
327	4938	389
327	4939	389
327	4940	389
327	4941	389
327	4942	389
327	930	389
327	937	389
327	938	389
328	3417	110
328	4221	110
328	4222	110
328	4223	110
328	4224	110
328	4225	110
328	4226	110
328	4227	110
328	4228	110
328	4229	110
328	4230	110
328	4231	110
328	4232	110
328	4233	110
328	4234	110
328	930	110
328	937	110
328	938	110
329	4294	245
329	4295	245
329	4296	245
329	4297	245
329	4298	245
329	4299	245
329	4300	245
329	4301	245
329	4302	245
329	4303	245
329	4304	245
329	930	245
330	3536	396
330	3537	396
330	3538	396
330	3539	396
330	930	396
330	937	396
330	938	396
331	1825	172
331	1837	172
331	1840	172
331	1849	172
331	1850	172
331	1851	172
331	1872	172
331	1873	172
331	1874	172
331	1875	172
331	2179	172
331	2180	172
331	2181	172
331	2182	172
331	2196	172
331	2197	172
331	930	172
332	2066	19
332	2223	19
332	2224	19
332	4709	19
332	4710	19
332	4711	19
332	4712	19
332	4713	19
332	4714	19
332	4715	19
332	4716	19
332	4717	19
332	930	19
333	1921	252
333	1959	252
333	2145	252
333	2146	252
333	2147	252
333	2148	252
333	2263	252
333	2293	252
333	2689	252
333	2690	252
333	2691	252
333	2692	252
333	2693	252
333	2694	252
333	3276	252
333	3445	252
333	930	252
334	3669	75
334	3670	75
334	3671	75
334	3672	75
334	3673	75
334	3674	75
334	3675	75
334	3676	75
334	3677	75
334	3678	75
334	3679	75
334	3680	75
334	3681	75
334	3682	75
334	3683	75
334	3684	75
334	930	75
335	937	159
335	938	159
336	2902	169
336	3735	169
336	3736	169
336	3737	169
336	3738	169
336	3739	169
336	3740	169
336	3741	169
336	3742	169
336	3743	169
336	3744	169
336	3745	169
336	3746	169
336	3747	169
336	3748	169
336	3749	169
336	930	169
336	937	169
336	938	169
337	1586	103
337	1822	103
337	1827	103
337	1828	103
337	1830	103
337	1831	103
337	1841	103
337	1855	103
337	1856	103
337	1857	103
337	1858	103
337	2195	103
337	2210	103
337	2211	103
337	2212	103
337	2213	103
337	930	103
337	937	103
337	938	103
338	4684	191
338	4685	191
338	4686	191
338	4687	191
338	4688	191
338	4689	191
338	4690	191
338	4691	191
338	4692	191
338	4693	191
338	4694	191
338	4695	191
338	4696	191
338	4697	191
338	4698	191
338	4699	191
338	930	191
338	937	191
338	938	191
339	2838	396
339	2839	396
339	2840	396
339	2985	396
339	2986	396
339	3299	396
339	3301	396
339	4195	396
339	4196	396
339	4197	396
339	4198	396
339	4199	396
339	4200	396
339	4201	396
339	4202	396
339	930	396
339	937	396
339	938	396
340	937	126
340	938	126
341	2833	112
341	3528	112
341	3529	112
341	3530	112
341	3531	112
341	3532	112
341	3533	112
341	3534	112
341	3535	112
341	4192	112
341	930	112
341	937	112
341	938	112
342	3706	60
342	3727	60
342	3728	60
342	3729	60
342	3730	60
342	3731	60
342	3732	60
342	4095	60
342	4096	60
342	4097	60
342	4098	60
342	4099	60
342	4100	60
342	4101	60
342	4102	60
342	930	60
342	937	60
342	938	60
343	2719	150
343	2720	150
343	2721	150
343	2915	150
343	4279	150
343	4280	150
343	4281	150
343	4282	150
343	4283	150
343	4284	150
343	4285	150
343	4286	150
343	4287	150
343	4288	150
343	4289	150
343	4290	150
343	930	150
343	937	150
343	938	150
344	2719	11
344	2720	11
344	2721	11
344	2915	11
344	4279	11
344	4280	11
344	4281	11
344	4282	11
344	4283	11
344	4284	11
344	4285	11
344	4286	11
344	4287	11
344	4288	11
344	4289	11
344	4290	11
344	930	11
345	3375	56
345	3782	56
345	3934	56
345	4084	56
345	4270	56
345	4271	56
345	4272	56
345	4273	56
345	4274	56
345	4275	56
345	4276	56
345	4277	56
345	4278	56
345	930	56
345	937	56
345	938	56
346	3260	235
346	4885	235
346	4886	235
346	4887	235
346	4888	235
346	4889	235
346	4890	235
346	4891	235
346	4892	235
346	4893	235
346	4894	235
346	4895	235
346	4896	235
346	4897	235
346	930	235
346	937	235
346	938	235
347	2054	258
347	2092	258
347	3066	258
347	4240	258
347	4241	258
347	4242	258
347	4243	258
347	4244	258
347	4245	258
347	4246	258
347	4247	258
347	4248	258
347	4249	258
347	4250	258
347	4251	258
347	4252	258
347	930	258
348	2879	364
348	4955	364
348	4956	364
348	4957	364
348	4958	364
348	4959	364
348	4960	364
348	4961	364
348	4962	364
348	4963	364
348	4964	364
348	4965	364
348	4966	364
348	4967	364
348	4968	364
348	930	364
348	937	364
348	938	364
349	3474	37
349	4257	37
349	4258	37
349	4259	37
349	4260	37
349	4261	37
349	4263	37
349	4264	37
349	4265	37
349	4266	37
349	930	37
349	937	37
349	938	37
350	2221	168
350	3166	168
350	3200	168
350	3201	168
350	3202	168
350	3203	168
350	3518	168
350	4203	168
350	4204	168
350	4205	168
350	4206	168
350	4207	168
350	4208	168
350	4209	168
350	930	168
350	937	168
350	938	168
351	3547	268
351	3995	268
351	4353	268
351	4354	268
351	4355	268
351	4356	268
351	4357	268
351	4358	268
351	4359	268
351	4360	268
351	4361	268
351	4362	268
351	4363	268
351	4364	268
351	4365	268
351	4366	268
351	930	268
351	937	268
351	938	268
352	1946	319
352	2200	319
352	3254	319
352	4724	319
352	4725	319
352	4726	319
352	4727	319
352	4728	319
352	4729	319
352	4730	319
352	4731	319
352	4732	319
352	4733	319
352	930	319
352	937	319
352	938	319
353	3247	281
353	3758	281
353	3793	281
353	4465	281
353	4466	281
353	4467	281
353	4468	281
353	4469	281
353	4470	281
353	4471	281
353	4472	281
353	4473	281
353	4474	281
353	4475	281
353	4476	281
353	930	281
353	937	281
353	938	281
354	930	148
354	937	148
354	938	148
355	930	313
355	937	313
355	938	313
356	937	189
356	938	189
357	930	172
357	937	172
357	938	172
358	930	316
358	937	316
358	938	316
359	930	85
359	937	85
359	938	85
360	930	177
361	930	34
361	937	34
361	938	34
362	937	383
362	938	383
363	930	21
363	937	21
363	938	21
364	930	195
364	937	195
364	938	195
365	930	145
366	930	33
366	937	33
366	938	33
367	930	8
367	937	8
367	938	8
368	930	155
368	937	155
368	938	155
369	930	126
370	930	83
370	937	83
370	938	83
371	930	111
371	937	111
371	938	111
372	930	64
372	937	64
372	938	64
373	930	58
374	930	3
374	937	3
374	938	3
375	930	161
375	937	161
375	938	161
376	930	65
377	930	292
377	937	292
377	938	292
378	930	265
378	937	265
378	938	265
379	930	253
379	937	253
379	938	253
380	930	53
381	930	101
381	937	101
381	938	101
382	930	93
382	937	93
382	938	93
383	930	25
383	937	25
383	938	25
384	930	120
385	930	267
385	937	267
385	938	267
386	2915	71
386	930	71
386	937	71
386	938	71
387	930	80
387	937	80
387	938	80
388	930	193
389	930	140
390	930	92
390	937	92
390	938	92
391	930	133
391	937	133
391	938	133
392	930	382
393	937	139
393	938	139
394	930	392
394	937	392
394	938	392
395	937	66
395	938	66
396	930	183
397	930	157
398	930	340
398	937	340
398	938	340
399	930	286
400	930	167
401	937	330
401	938	330
402	930	328
402	937	328
402	938	328
403	930	179
404	930	67
404	937	67
405	930	122
406	930	364
407	930	47
408	930	309
409	930	77
410	930	273
410	937	273
411	937	20
411	938	20
412	930	188
412	937	188
412	938	188
413	930	74
413	937	74
413	938	74
414	937	155
414	938	155
2199	924	318
2199	942	318
415	937	311
415	938	311
419	930	353
419	937	353
419	938	353
416	937	165
416	938	165
417	930	60
417	937	60
417	938	60
422	930	215
422	937	215
422	938	215
418	937	155
418	938	155
420	937	276
420	938	276
421	937	326
421	938	326
423	930	85
423	937	85
423	938	85
424	937	298
424	938	298
425	930	304
425	937	304
425	938	304
426	930	22
426	937	22
427	930	390
427	937	390
428	930	77
429	937	240
429	938	240
430	937	383
430	938	383
431	937	357
431	938	357
432	776	191
432	930	191
432	937	191
432	938	191
433	937	262
433	938	262
434	937	377
434	938	377
435	930	103
435	937	103
435	938	103
436	937	50
436	938	50
437	937	324
437	938	324
439	4587	46
439	4588	46
439	4589	46
439	4590	46
439	4591	46
439	4592	46
439	4593	46
439	4594	46
439	4595	46
439	4596	46
439	4597	46
439	4598	46
439	4599	46
439	4600	46
439	4601	46
439	4602	46
439	938	46
440	937	44
441	937	294
441	938	294
442	937	36
442	938	36
443	937	227
443	938	227
444	937	113
445	937	339
445	938	339
446	937	200
446	938	200
447	937	276
448	937	239
448	938	239
449	937	194
449	938	194
450	937	264
450	938	264
451	937	267
451	938	267
452	937	15
452	938	15
453	937	315
453	938	315
454	937	154
454	938	154
455	937	177
455	938	177
456	4684	3
456	4685	3
456	4686	3
456	4687	3
456	4688	3
456	4689	3
456	4690	3
456	4691	3
456	4692	3
456	4693	3
456	4694	3
456	4695	3
456	4696	3
456	4697	3
456	4698	3
456	4699	3
456	937	3
456	938	3
457	930	188
457	937	188
457	938	188
458	4181	201
458	4573	201
458	4574	201
458	4575	201
458	4576	201
458	4577	201
458	4578	201
458	4579	201
458	4580	201
458	4583	201
458	938	201
459	930	151
459	937	151
459	938	151
460	937	76
460	938	76
461	930	170
461	937	170
462	937	299
462	938	299
463	937	389
464	937	157
464	938	157
465	930	150
465	937	150
465	938	150
466	930	349
466	937	349
466	938	349
467	937	7
467	938	7
468	930	214
468	937	214
468	938	214
469	937	54
470	930	190
470	938	190
471	930	322
472	930	351
472	937	351
472	938	351
473	930	81
474	930	167
474	937	167
474	938	167
475	937	240
475	938	240
476	937	37
476	938	37
477	930	49
477	937	49
477	938	49
478	930	158
479	937	55
479	938	55
480	3585	143
480	3586	143
480	3587	143
480	3588	143
480	3590	143
480	3591	143
480	3592	143
480	3593	143
480	3594	143
480	3595	143
480	3596	143
480	3597	143
480	3598	143
480	3599	143
480	3600	143
480	3614	143
480	3615	143
480	930	143
480	937	143
480	938	143
481	937	270
481	938	270
482	938	361
483	937	314
483	938	314
484	930	290
485	930	144
485	937	144
485	938	144
486	930	296
486	937	296
486	938	296
487	930	157
487	937	157
487	938	157
488	937	108
488	938	108
489	938	298
490	930	279
490	937	279
490	938	279
3041	868	70
3041	872	70
491	937	135
491	938	135
492	937	169
492	938	169
493	930	171
493	937	171
493	938	171
494	930	359
494	938	359
495	930	47
495	937	47
495	938	47
3042	868	135
3042	872	135
3043	868	19
3043	872	19
496	937	162
497	930	396
497	937	396
497	938	396
498	930	6
499	937	174
500	930	279
500	937	279
500	938	279
501	937	373
501	938	373
502	937	57
502	938	57
503	930	85
503	937	85
503	938	85
504	930	163
504	937	163
505	930	272
505	937	272
505	938	272
506	937	339
506	938	339
507	937	172
507	938	172
508	930	208
508	937	208
508	938	208
509	930	255
509	937	255
509	938	255
510	930	384
2799	567	6
511	937	150
511	938	150
512	930	38
512	937	38
512	938	38
513	930	100
513	937	100
513	938	100
514	930	133
514	937	133
514	938	133
515	930	60
515	937	60
515	938	60
516	930	320
517	937	231
517	938	231
518	930	109
518	937	109
518	938	109
519	930	183
520	930	127
520	937	127
520	938	127
521	930	282
521	937	282
521	938	282
522	930	18
522	937	18
522	938	18
2249	900	86
2249	924	86
523	937	261
523	938	261
524	1890	113
524	1939	113
524	2073	113
524	2074	113
524	2112	113
524	2142	113
524	2291	113
524	2793	113
524	2805	113
524	2844	113
524	2845	113
524	2987	113
524	3159	113
524	3161	113
524	3162	113
524	3163	113
524	3164	113
525	937	4
525	938	4
526	938	293
527	937	394
527	938	394
528	937	185
529	930	13
529	937	13
529	938	13
530	937	9
530	938	9
531	930	35
531	937	35
531	938	35
532	937	95
532	938	95
533	937	43
533	938	43
534	930	38
534	937	38
534	938	38
535	930	137
536	930	190
537	937	385
537	938	385
538	937	268
538	938	268
539	930	390
539	938	390
540	930	94
540	937	94
540	938	94
541	930	141
542	930	378
542	937	378
542	938	378
543	930	80
543	937	80
543	938	80
544	930	366
544	937	366
544	938	366
545	930	340
545	937	340
545	938	340
546	937	81
546	938	81
547	930	256
547	937	256
547	938	256
548	930	113
548	937	113
548	938	113
549	937	289
549	938	289
1918	870	87
1918	924	87
550	930	328
550	937	328
550	938	328
551	930	144
552	930	104
2250	772	388
2250	821	388
3654	855	133
3654	867	133
553	4183	45
553	4185	45
554	2712	305
554	3234	305
554	3329	305
554	3330	305
554	3332	305
554	3333	305
554	3334	305
554	3335	305
554	3336	305
554	3337	305
554	3338	305
554	3339	305
554	3341	305
554	3342	305
555	937	286
555	938	286
556	2240	213
556	930	213
557	930	116
558	930	175
558	937	175
558	938	175
559	937	114
559	938	114
560	937	243
560	938	243
561	930	38
562	937	237
562	938	237
563	2915	186
563	725	186
563	930	186
564	4587	287
564	4588	287
564	4589	287
564	4590	287
564	4591	287
564	4592	287
564	4593	287
564	4594	287
564	4595	287
564	4596	287
564	4597	287
564	4598	287
564	4599	287
564	4600	287
564	4601	287
564	4602	287
564	938	287
565	937	15
565	938	15
566	2040	338
566	2734	338
566	3809	338
566	3810	338
566	3811	338
566	3812	338
566	3813	338
566	3814	338
566	3815	338
566	3816	338
566	3817	338
566	3818	338
566	3819	338
566	3820	338
566	3821	338
566	4702	338
566	827	338
566	850	338
566	908	338
566	930	338
567	3348	231
567	3937	231
567	3938	231
567	3939	231
567	3940	231
567	3941	231
567	3942	231
567	3943	231
567	3944	231
567	3945	231
567	3946	231
567	3947	231
567	658	231
567	700	231
567	851	231
568	937	149
569	937	137
569	938	137
570	938	384
571	938	208
572	937	271
572	938	271
573	937	164
573	938	164
574	937	322
574	938	322
575	937	108
575	938	108
576	938	22
577	937	385
577	938	385
578	938	389
579	937	22
579	938	22
580	937	341
580	938	341
581	937	147
581	938	147
582	937	322
582	938	322
584	4401	89
584	4402	89
584	4403	89
584	4404	89
584	4405	89
584	4406	89
584	4407	89
584	4408	89
584	4409	89
584	4410	89
584	4411	89
584	4412	89
584	4413	89
584	4414	89
584	4415	89
584	4416	89
584	4417	89
1919	660	275
585	4183	15
585	4185	15
2322	900	155
2322	924	155
2323	900	27
2323	924	27
2324	900	216
2324	924	216
2325	900	94
2325	924	94
586	1824	259
586	2010	259
586	2065	259
586	2141	259
586	2305	259
586	2819	259
586	3622	259
586	3957	259
586	3958	259
586	3959	259
586	3960	259
586	3961	259
586	3962	259
586	3963	259
586	3964	259
586	3965	259
586	3966	259
586	3967	259
586	3968	259
586	3969	259
586	3970	259
2326	900	374
2326	924	374
2327	900	88
2327	924	88
2328	900	40
2328	924	40
2329	900	157
2329	924	157
2330	924	198
2332	924	340
2331	924	16
2333	900	257
2333	924	257
2334	924	332
2335	924	377
2336	924	362
2337	900	311
2337	924	311
2338	924	3
2339	924	285
2340	900	72
2340	924	72
2341	900	227
2341	924	227
2342	924	231
2343	900	250
2343	924	250
2344	924	384
2345	900	380
2345	924	380
2346	924	239
2347	900	399
2347	924	399
2348	900	304
2348	924	304
2349	900	232
2349	924	232
2350	900	364
2350	924	364
2949	615	223
2949	655	223
2949	701	223
2950	616	212
2950	777	212
2950	778	212
2351	900	24
2351	924	24
2352	900	379
2352	924	379
2353	900	16
2353	924	16
2354	924	167
2355	900	28
2355	924	28
2951	616	368
2951	777	368
2951	778	368
2356	900	317
2356	924	317
2358	900	17
2358	924	17
2359	900	283
2359	924	283
2360	924	268
2361	900	81
2361	924	81
2357	924	395
2362	924	341
2364	900	91
2364	924	91
2365	924	219
2363	924	305
587	937	367
587	938	367
588	937	368
588	938	368
2368	924	281
589	937	273
589	938	273
590	930	114
591	930	110
591	937	110
591	938	110
2369	900	353
2369	924	353
593	937	343
593	938	343
594	938	323
2370	900	357
2370	924	357
2371	900	399
2371	924	399
592	937	272
592	938	272
2376	900	114
2376	924	114
595	937	388
595	938	388
2372	924	144
2377	924	140
596	937	209
596	938	209
2374	900	173
2374	924	173
2375	900	141
2375	924	141
2378	924	328
597	930	305
597	937	305
597	938	305
2379	924	256
2380	924	1
2381	924	261
598	930	354
598	937	354
598	938	354
2382	924	338
600	930	311
600	937	311
600	938	311
2383	924	184
2384	924	54
2385	924	262
599	1854	127
599	3044	127
599	3045	127
599	3046	127
599	3047	127
599	3048	127
599	3062	127
599	3275	127
599	3287	127
599	3288	127
599	3292	127
599	3296	127
599	3297	127
599	3298	127
599	3313	127
599	3648	127
599	3649	127
599	3650	127
2386	924	311
2387	924	271
2388	924	33
601	937	291
601	938	291
602	930	387
602	937	387
602	938	387
603	937	236
603	938	236
604	930	264
605	930	156
606	930	252
607	930	394
607	937	394
607	938	394
608	937	78
608	938	78
609	930	273
610	930	104
610	938	104
611	930	233
612	937	352
612	938	352
613	930	370
614	930	261
615	1900	49
615	2176	49
615	2247	49
615	3196	49
615	3225	49
615	3226	49
615	3230	49
615	3507	49
615	3509	49
615	3510	49
615	3511	49
615	3512	49
615	3513	49
615	3515	49
615	3824	49
615	3826	49
615	3827	49
615	3828	49
615	3829	49
615	4701	49
2389	900	116
2389	924	116
2390	900	41
2390	924	41
2391	900	370
2391	924	370
2392	900	37
2392	924	37
2393	924	42
2394	900	196
2394	924	196
2395	900	372
2395	924	372
2396	900	235
2396	924	235
2397	924	205
2398	900	303
2398	924	303
2399	900	339
2399	924	339
2400	924	148
2401	924	384
1920	660	138
2176	655	278
2176	701	278
2402	900	73
2402	924	73
2403	900	375
2403	924	375
2404	924	221
2405	900	387
2405	924	387
2406	900	52
2406	924	52
2407	900	314
2407	924	314
2408	924	71
2409	924	361
2410	924	394
2411	900	81
2411	924	81
2412	924	145
2413	900	148
2413	924	148
2414	900	118
2414	924	118
2415	924	380
2416	900	116
2416	924	116
2417	924	8
2418	924	201
2101	900	211
2101	924	211
2419	900	354
2419	924	354
2420	900	287
2420	924	287
2421	900	164
2421	924	164
2422	900	314
2422	924	314
2423	900	247
2423	924	247
2424	924	21
2425	900	0
2425	924	0
2426	900	19
2426	924	19
2427	924	3
2428	900	98
2428	924	98
2429	900	352
2429	924	352
2430	900	283
2430	924	283
2431	900	188
2431	924	188
2432	900	358
2432	924	358
2433	900	162
2433	924	162
2434	900	135
2434	924	135
2435	900	354
2435	924	354
2436	900	229
2436	924	229
2437	900	334
2437	924	334
2438	924	10
2439	900	1
2439	924	1
2440	900	135
2440	924	135
2441	924	70
2442	900	82
2442	924	82
2443	900	77
2443	924	77
2444	924	222
2445	900	143
2445	924	143
2446	900	338
2446	924	338
2447	924	192
2448	900	128
2448	924	128
2449	900	81
2449	924	81
2450	924	5
2451	900	305
2451	924	305
2452	924	180
2453	924	169
2454	924	375
2455	900	4
2455	924	4
616	1833	250
616	1900	250
616	1978	250
616	2059	250
616	3198	250
616	3227	250
616	3228	250
616	3830	250
616	3831	250
616	3832	250
616	3833	250
616	3834	250
616	3835	250
616	3836	250
616	3837	250
616	3838	250
616	3840	250
616	3841	250
616	3842	250
616	3855	250
2456	900	318
2456	924	318
2457	924	27
2458	900	60
2458	924	60
617	773	110
2459	924	119
2460	900	290
2460	924	290
618	1889	274
618	3223	274
618	3359	274
618	3503	274
618	4401	274
618	4402	274
618	4403	274
618	4404	274
618	4405	274
618	4406	274
618	4407	274
618	4408	274
618	4409	274
618	4410	274
618	4411	274
618	4412	274
618	4413	274
618	4414	274
618	4415	274
618	4416	274
618	4417	274
2461	900	347
2461	924	347
619	937	182
619	938	182
620	930	231
620	937	231
620	938	231
2462	924	7
621	930	222
621	937	222
621	938	222
622	930	46
622	937	46
622	938	46
2463	900	280
2463	924	280
623	937	317
2464	900	101
2464	924	101
624	937	177
624	938	177
625	937	382
625	938	382
2469	900	192
2469	924	192
626	937	67
626	938	67
627	937	397
627	938	397
2467	924	1
2472	900	256
2472	924	256
628	937	112
628	938	112
2476	900	365
2476	924	365
629	937	290
630	930	388
630	937	388
631	937	363
631	938	363
2477	924	110
2478	924	151
2479	924	40
2480	900	259
2480	924	259
2481	900	95
2481	924	95
2483	900	36
2483	924	36
2484	900	295
2484	924	295
632	937	237
632	938	237
2485	924	23
2486	924	143
633	938	165
2488	900	137
2488	924	137
2489	900	166
2489	924	166
2490	900	291
2490	924	291
2487	900	252
2487	924	252
2492	900	367
2492	924	367
2491	900	140
2491	924	140
2493	924	285
2494	924	182
2495	900	69
2495	924	69
2496	900	373
2496	924	373
2497	900	394
2497	924	394
2498	900	205
2498	924	205
2499	900	251
2499	924	251
2500	900	398
2500	924	398
634	1854	303
634	3044	303
634	3045	303
634	3047	303
634	3048	303
634	3275	303
634	3286	303
634	3287	303
634	3289	303
634	3290	303
634	3294	303
634	3295	303
634	3296	303
634	3297	303
634	3647	303
634	3650	303
2501	924	166
2502	900	70
2502	924	70
2503	924	235
635	937	44
635	938	44
636	937	234
636	938	234
2505	900	101
2505	924	101
2506	900	229
2506	924	229
637	937	323
637	938	323
2508	900	384
2508	924	384
2509	900	326
2509	924	326
638	937	190
638	938	190
639	930	348
639	938	348
640	937	3
640	938	3
2507	924	213
641	930	382
642	930	345
642	938	345
2515	924	25
2517	924	12
643	930	399
643	937	399
643	938	399
644	930	337
644	937	337
644	938	337
645	930	214
645	937	214
645	938	214
646	930	241
647	930	323
647	938	323
648	930	204
2519	924	396
649	930	62
2525	900	195
2525	924	195
650	937	312
650	938	312
2526	924	288
651	938	232
2527	900	186
2527	924	186
2528	900	73
2528	924	73
2529	900	323
2529	924	323
2530	900	335
2530	924	335
2531	924	43
2532	900	71
2532	924	71
2533	900	115
2533	924	115
2534	924	360
2535	900	78
2535	924	78
2536	924	63
2537	900	322
2537	924	322
2538	924	7
2540	900	81
2540	924	81
2541	924	69
2543	924	206
652	2090	160
652	2091	160
652	3097	160
652	3550	160
652	3551	160
652	3552	160
652	3553	160
652	3554	160
652	3555	160
652	3556	160
652	3557	160
652	3558	160
652	3559	160
652	3560	160
652	3561	160
652	3562	160
652	3563	160
652	3564	160
652	3565	160
652	3566	160
652	3567	160
652	3568	160
652	3569	160
652	3570	160
652	3571	160
652	3572	160
652	3573	160
652	866	160
2544	924	87
2539	900	204
2539	924	204
2547	900	82
2547	924	82
2545	924	68
2546	924	153
2550	900	136
2550	924	136
655	1900	59
655	2083	59
655	2247	59
655	3196	59
655	3225	59
655	3226	59
655	3504	59
655	3505	59
655	3506	59
655	3507	59
655	3508	59
655	3509	59
655	3510	59
655	3511	59
655	3512	59
655	3513	59
655	3514	59
655	3515	59
655	3516	59
655	3824	59
655	3825	59
655	3827	59
655	866	59
653	773	19
2548	900	161
2548	924	161
2549	900	155
2549	924	155
656	4183	75
656	4184	75
656	4185	75
656	866	75
2554	900	368
2554	924	368
657	2034	311
657	3792	311
657	4744	311
657	4745	311
657	4746	311
657	4747	311
657	4748	311
657	4749	311
657	4750	311
657	4751	311
657	4752	311
657	4753	311
657	4754	311
657	4755	311
657	4756	311
657	4757	311
657	4758	311
657	4759	311
657	4760	311
657	4761	311
657	4762	311
657	4763	311
657	866	311
658	1351	197
658	1352	197
658	1789	197
658	2780	197
658	2820	197
658	2830	197
658	2837	197
658	2847	197
658	3068	197
658	3205	197
658	3206	197
658	3207	197
658	3208	197
658	3209	197
658	3240	197
658	3241	197
658	3407	197
658	3408	197
658	3409	197
658	3410	197
658	3411	197
658	3412	197
658	3413	197
658	3414	197
658	3415	197
658	3416	197
658	866	197
2557	900	193
2557	924	193
659	2686	397
659	2740	397
659	3383	397
659	3589	397
659	3601	397
659	3602	397
659	3603	397
659	3604	397
659	3605	397
659	3606	397
659	3607	397
659	3608	397
659	3609	397
659	3610	397
659	3611	397
659	3612	397
659	3613	397
659	4312	397
659	4313	397
659	4314	397
659	4315	397
659	4316	397
659	4317	397
659	4318	397
659	4319	397
659	4320	397
659	4321	397
659	866	397
660	1922	120
660	1923	120
660	1924	120
660	1925	120
660	1926	120
660	1928	120
660	1929	120
660	1947	120
660	2029	120
660	2119	120
660	2242	120
660	2243	120
660	2695	120
660	2696	120
660	2697	120
660	2698	120
660	2699	120
660	2700	120
660	2746	120
660	3756	120
660	866	120
2271	866	347
2558	924	151
2562	924	49
661	2739	327
661	2900	327
661	2901	327
661	3385	327
661	4026	327
661	4027	327
661	4028	327
661	4029	327
661	4030	327
661	4031	327
661	4032	327
661	4033	327
661	4034	327
661	4035	327
661	4036	327
661	4037	327
661	4038	327
661	4039	327
661	4040	327
661	4041	327
661	4042	327
661	4043	327
661	4606	327
661	866	327
662	1854	286
662	3044	286
662	3045	286
662	3046	286
662	3047	286
662	3048	286
662	3062	286
662	3274	286
662	3275	286
662	3286	286
662	3287	286
662	3288	286
662	3289	286
662	3290	286
662	3291	286
662	3292	286
662	3293	286
662	3294	286
662	3295	286
662	3296	286
662	3297	286
662	3298	286
662	3313	286
662	3647	286
662	3648	286
662	3649	286
662	3650	286
662	866	286
2563	924	118
2564	924	31
2565	900	323
2565	924	323
664	1977	323
664	2712	323
664	3234	323
664	3329	323
664	3330	323
664	3331	323
664	3332	323
664	3333	323
664	3334	323
664	3335	323
664	3336	323
664	3337	323
664	3338	323
664	3339	323
664	3340	323
664	3341	323
664	3342	323
664	866	323
2566	924	179
2567	900	181
2567	924	181
2568	900	356
2568	924	356
2569	900	148
2569	924	148
2570	900	124
2570	924	124
2571	900	379
2571	924	379
2574	924	101
2575	924	100
2576	924	236
666	773	387
2577	924	100
2578	924	396
2579	924	156
2580	900	308
2580	924	308
2581	900	331
2581	924	331
2582	924	300
2583	924	397
2584	924	141
2585	924	203
2586	924	274
2587	900	324
2587	924	324
2588	900	284
2588	924	284
2589	924	315
2590	900	32
2590	924	32
2591	924	40
669	937	323
669	938	323
670	937	238
2596	900	87
2596	924	87
671	937	382
671	938	382
672	937	178
672	938	178
673	937	361
673	938	361
674	937	301
674	938	301
2601	924	74
675	930	128
676	930	181
676	937	181
677	937	381
678	937	327
678	938	327
2598	900	248
2598	924	248
679	930	67
679	937	67
679	938	67
2600	900	95
2600	924	95
680	937	372
680	938	372
681	937	88
681	938	88
682	937	185
682	938	185
683	1899	180
683	937	180
683	938	180
684	937	252
684	938	252
685	937	317
685	938	317
686	937	310
686	938	310
687	937	141
687	938	141
688	938	393
2602	924	19
689	938	387
2603	924	91
2604	900	142
2604	924	142
2605	924	112
2606	924	47
2607	924	167
2608	900	26
2608	924	26
2609	924	228
2610	924	255
2611	924	115
2299	855	183
2299	867	183
2300	855	166
2300	867	166
2301	867	60
690	937	363
2302	867	361
691	937	17
691	938	17
692	937	168
692	938	168
693	2686	182
693	2740	182
693	3383	182
693	3589	182
693	3601	182
693	3602	182
693	3603	182
693	3604	182
693	3605	182
693	3606	182
693	3607	182
693	3608	182
693	3609	182
693	3610	182
693	3611	182
693	3612	182
693	3613	182
693	4312	182
693	4313	182
693	4314	182
693	4315	182
693	4316	182
693	4317	182
693	4318	182
693	4319	182
693	4320	182
693	4321	182
694	2686	185
694	2740	185
694	3383	185
694	3589	185
694	3601	185
694	3602	185
694	3603	185
694	3604	185
694	3605	185
694	3606	185
694	3607	185
694	3608	185
694	3609	185
694	3610	185
694	3611	185
694	3612	185
694	3613	185
694	4312	185
694	4313	185
694	4314	185
694	4315	185
694	4316	185
694	4317	185
694	4318	185
694	4319	185
694	4320	185
694	4321	185
695	2686	277
695	2740	277
695	3383	277
695	3589	277
695	3601	277
695	3602	277
695	3603	277
695	3604	277
695	3605	277
695	3606	277
695	3607	277
695	3608	277
695	3609	277
695	3610	277
695	3611	277
695	3612	277
695	3613	277
695	4312	277
695	4313	277
695	4314	277
695	4315	277
695	4316	277
695	4317	277
695	4318	277
695	4319	277
695	4320	277
695	4321	277
2612	900	156
2612	924	156
697	2686	111
697	2740	111
697	3383	111
697	3589	111
697	3601	111
697	3602	111
697	3603	111
697	3604	111
697	3605	111
697	3606	111
697	3607	111
697	3608	111
697	3609	111
697	3610	111
697	3611	111
697	3612	111
697	3613	111
697	4312	111
697	4313	111
697	4314	111
697	4315	111
697	4316	111
697	4317	111
697	4318	111
697	4319	111
697	4320	111
697	4321	111
698	2686	190
698	2740	190
698	3383	190
698	3589	190
698	3601	190
698	3602	190
698	3603	190
698	3604	190
698	3605	190
698	3606	190
698	3607	190
698	3608	190
698	3609	190
698	3610	190
698	3611	190
698	3612	190
698	3613	190
698	4312	190
698	4313	190
698	4314	190
698	4315	190
698	4316	190
698	4317	190
698	4318	190
698	4319	190
698	4320	190
698	4321	190
2613	924	232
696	2686	271
696	2740	271
696	3383	271
696	3589	271
696	3601	271
696	3602	271
696	3603	271
696	3604	271
696	3605	271
696	3606	271
696	3607	271
696	3608	271
696	3609	271
696	3610	271
696	3611	271
696	3612	271
696	3613	271
696	4312	271
696	4313	271
696	4314	271
696	4315	271
696	4316	271
696	4317	271
696	4318	271
696	4319	271
696	4320	271
696	4321	271
2614	924	379
2615	900	198
2615	924	198
2616	900	197
2616	924	197
2617	900	241
2617	924	241
2618	924	277
2619	924	300
2226	937	16
2226	938	16
2620	900	72
2620	924	72
2621	900	50
2621	924	50
2622	924	151
2623	900	224
2623	924	224
2624	924	219
2625	924	189
2626	900	215
2626	924	215
2627	924	381
2628	924	260
2629	900	245
2629	924	245
2630	900	245
2630	924	245
2631	900	134
2631	924	134
2632	924	331
699	4184	88
699	4185	88
2633	924	246
2634	900	35
2634	924	35
2635	924	187
2636	900	295
2636	924	295
2637	924	18
2638	924	305
2639	924	388
2640	900	146
2640	924	146
2641	900	70
2641	924	70
2642	900	17
2642	924	17
2643	924	63
2644	900	275
2644	924	275
2645	924	304
2646	924	248
2647	900	20
2647	924	20
2648	924	110
2649	924	98
2650	900	380
2650	924	380
2651	900	203
2651	924	203
2652	924	168
2653	924	14
2654	924	194
2655	924	233
2656	924	329
2657	924	124
2658	924	322
2659	924	253
2660	924	205
700	1351	394
700	1352	394
700	1789	394
700	2780	394
700	2820	394
700	2830	394
700	2837	394
700	3068	394
700	3205	394
700	3206	394
700	3207	394
700	3208	394
700	3209	394
700	3240	394
700	3241	394
700	3407	394
700	3408	394
700	3409	394
700	3410	394
700	3411	394
700	3412	394
700	3413	394
700	3414	394
700	3415	394
2303	868	196
701	1900	0
701	2083	0
701	3196	0
701	3224	0
701	3225	0
701	3226	0
701	3230	0
701	3502	0
701	3504	0
701	3505	0
701	3506	0
701	3507	0
701	3508	0
701	3509	0
701	3510	0
701	3511	0
701	3512	0
701	3513	0
701	3514	0
701	3515	0
701	3516	0
701	3824	0
701	3826	0
701	3827	0
701	3828	0
701	3829	0
701	4701	0
702	937	170
702	938	170
703	937	220
703	938	220
704	937	302
705	937	347
705	938	347
706	930	70
706	938	70
707	937	53
707	938	53
708	937	115
708	938	115
709	937	161
709	938	161
710	937	327
710	938	327
711	930	246
711	937	246
711	938	246
712	937	79
712	938	79
713	937	356
713	938	356
714	938	146
715	937	158
715	938	158
716	930	390
716	937	390
716	938	390
717	937	196
717	938	196
718	937	314
718	938	314
3467	937	228
719	938	170
720	930	49
720	937	49
720	938	49
721	937	78
721	938	78
722	937	317
722	938	317
723	937	188
723	938	188
724	938	224
725	785	254
725	989	254
725	993	254
725	1014	254
725	1061	254
725	937	254
725	938	254
726	930	24
726	937	24
726	938	24
727	938	276
728	937	307
728	938	307
729	938	110
730	937	153
731	937	106
731	938	106
732	930	285
733	930	298
733	937	298
733	938	298
734	930	320
734	937	320
734	938	320
735	938	91
736	930	133
736	937	133
736	938	133
737	937	248
737	938	248
738	3314	84
738	3315	84
738	3316	84
738	3318	84
738	3319	84
738	937	84
738	938	84
739	937	362
739	938	362
740	937	356
740	938	356
741	930	243
741	937	243
741	938	243
742	937	398
743	930	157
744	937	137
744	938	137
745	937	242
745	938	242
746	937	113
746	938	113
747	937	99
747	938	99
748	937	192
748	938	192
749	937	110
750	937	80
750	938	80
751	930	313
752	937	48
752	938	48
753	930	324
753	937	324
753	938	324
754	937	114
754	938	114
755	938	152
756	937	61
756	938	61
757	930	169
757	937	169
758	937	67
758	938	67
759	930	230
759	938	230
760	930	98
760	937	98
760	938	98
761	930	80
762	930	69
762	937	69
762	938	69
763	930	357
763	937	357
763	938	357
764	930	313
765	930	337
765	937	337
765	938	337
766	930	68
766	937	68
766	938	68
767	937	65
767	938	65
768	937	224
768	938	224
769	937	384
2038	900	245
2038	924	245
770	937	129
771	930	76
771	937	76
771	938	76
772	1940	44
772	1953	44
772	1971	44
772	2001	44
772	2077	44
772	2082	44
772	2241	44
772	2858	44
772	3067	44
772	3122	44
772	3167	44
772	3169	44
772	3170	44
772	3172	44
772	3173	44
772	3174	44
772	3175	44
772	3176	44
772	3178	44
772	3180	44
772	3181	44
772	3183	44
772	3184	44
772	3185	44
772	3186	44
772	3187	44
772	3194	44
772	3195	44
772	4623	44
772	4624	44
772	4625	44
772	4626	44
772	4629	44
773	654	138
773	665	138
773	667	138
773	1812	138
773	1815	138
773	1816	138
773	1821	138
773	1878	138
773	1879	138
773	1882	138
773	1883	138
773	1886	138
773	1983	138
773	1985	138
773	1992	138
773	1997	138
773	2143	138
773	2144	138
773	2149	138
773	2150	138
773	2151	138
773	2152	138
773	2153	138
773	2155	138
773	2156	138
773	2157	138
773	2158	138
773	2159	138
773	2160	138
773	2161	138
773	2162	138
773	2165	138
773	2282	138
773	2283	138
774	937	363
775	930	148
775	937	148
776	785	189
776	987	189
776	989	189
776	993	189
776	994	189
776	996	189
776	999	189
776	1000	189
776	1001	189
776	1002	189
776	1003	189
776	1004	189
776	1005	189
776	1006	189
776	1007	189
776	1013	189
776	1014	189
776	1016	189
776	1062	189
777	1833	210
777	1900	210
777	1978	210
777	2059	210
777	3197	210
777	3198	210
777	3227	210
777	3228	210
777	3229	210
777	3823	210
777	3830	210
777	3831	210
777	3832	210
777	3833	210
777	3834	210
777	3835	210
777	3837	210
777	3838	210
777	3839	210
777	3840	210
777	3841	210
777	3842	210
777	3843	210
777	3844	210
777	3845	210
777	3846	210
777	3847	210
777	3848	210
777	3849	210
777	3850	210
777	3851	210
777	3852	210
777	3853	210
777	3854	210
777	3855	210
777	3856	210
778	1833	108
778	1900	108
778	1978	108
778	2059	108
778	3197	108
778	3227	108
778	3228	108
778	3229	108
778	3823	108
778	3830	108
778	3831	108
778	3832	108
778	3833	108
778	3834	108
778	3835	108
778	3836	108
778	3837	108
778	3838	108
778	3839	108
778	3840	108
778	3841	108
778	3842	108
778	3843	108
778	3844	108
778	3845	108
778	3846	108
778	3847	108
778	3848	108
778	3849	108
778	3850	108
778	3851	108
778	3852	108
778	3853	108
778	3854	108
778	3855	108
778	3856	108
779	3003	369
779	3425	369
779	3865	369
779	3866	369
779	3867	369
779	3868	369
779	3869	369
779	3870	369
779	3871	369
779	3873	369
779	3875	369
779	3876	369
779	3877	369
779	3878	369
779	3879	369
779	3880	369
779	3882	369
779	3883	369
779	3884	369
779	3885	369
779	3886	369
779	3887	369
779	3888	369
779	3889	369
779	3890	369
779	3891	369
779	3892	369
779	3893	369
779	3894	369
779	3895	369
779	3896	369
779	3897	369
779	3898	369
779	3899	369
779	3900	369
779	3901	369
779	3902	369
779	3903	369
779	3904	369
779	3906	369
780	937	7
780	938	7
781	937	232
781	938	232
782	937	54
782	938	54
784	1852	41
2304	872	45
785	937	127
785	938	127
786	930	27
787	930	306
787	937	306
787	938	306
788	930	4
788	938	4
789	930	213
790	930	73
791	930	221
792	930	297
792	937	297
792	938	297
793	930	170
793	937	170
794	930	314
794	937	314
794	938	314
796	930	69
796	937	69
796	938	69
795	930	161
795	937	161
795	938	161
797	937	177
798	930	285
798	937	285
798	938	285
799	937	13
799	938	13
800	930	217
801	938	132
802	937	147
803	937	228
803	938	228
804	1832	283
804	937	283
805	937	292
805	938	292
806	930	207
806	937	207
806	938	207
807	938	138
808	937	276
808	938	276
809	3044	262
809	3045	262
809	3287	262
809	3290	262
810	937	365
810	938	365
811	930	266
811	937	266
811	938	266
812	930	233
812	937	233
812	938	233
813	930	332
813	938	332
814	930	252
815	930	176
815	937	176
815	938	176
816	930	21
817	930	312
817	938	312
818	930	305
818	937	305
818	938	305
819	930	162
819	937	162
819	938	162
1950	900	27
1950	924	27
820	930	392
821	1940	200
821	1953	200
821	1960	200
821	1971	200
821	2001	200
821	2077	200
821	2241	200
821	3067	200
821	3167	200
821	3168	200
821	3169	200
821	3170	200
821	3171	200
821	3172	200
821	3173	200
821	3174	200
821	3175	200
821	3176	200
821	3177	200
821	3178	200
821	3179	200
821	3181	200
821	3182	200
821	3183	200
821	3184	200
821	3185	200
821	3186	200
821	3187	200
821	3188	200
821	3189	200
821	3190	200
821	3191	200
821	3192	200
821	3193	200
821	3194	200
821	3195	200
821	4623	200
821	4624	200
821	4625	200
821	4626	200
821	4627	200
821	4628	200
822	930	336
823	930	185
824	930	33
825	930	210
825	937	210
825	938	210
826	930	93
827	991	119
827	1271	119
827	1346	119
827	930	119
828	930	376
829	930	2
830	930	209
831	4183	14
831	937	14
832	930	73
832	937	73
832	938	73
833	930	219
833	937	219
833	938	219
834	930	25
835	930	351
835	937	351
835	938	351
836	930	307
837	937	54
837	938	54
838	930	31
838	937	31
838	938	31
839	930	126
840	930	324
840	937	324
840	938	324
841	930	91
842	930	197
843	930	98
844	930	310
845	930	40
845	937	40
845	938	40
846	930	88
2201	924	56
3044	847	128
3044	848	128
3044	853	128
3044	916	128
847	3045	319
847	3046	319
847	3275	319
847	3286	319
847	3287	319
3045	848	105
3045	853	105
3045	916	105
3046	853	299
848	3287	360
2227	937	382
2254	924	185
850	887	122
850	992	122
850	1183	122
850	1267	122
850	1268	122
850	1344	122
850	1347	122
850	1348	122
850	1396	122
850	1428	122
850	1429	122
850	1598	122
850	1599	122
850	1602	122
850	1603	122
850	1608	122
851	1351	318
851	1352	318
851	1789	318
851	2820	318
851	2830	318
851	2837	318
851	2847	318
851	3206	318
851	3207	318
851	3208	318
851	3209	318
851	3240	318
851	3241	318
851	3407	318
851	3408	318
851	3409	318
851	3410	318
851	3411	318
851	3412	318
851	3413	318
851	3415	318
852	1939	357
852	1968	357
852	1969	357
852	1970	357
852	1971	357
852	1972	357
852	1975	357
852	1980	357
852	1981	357
852	2041	357
852	2042	357
852	2043	357
852	2065	357
852	2076	357
852	2080	357
852	2248	357
852	2266	357
852	2708	357
852	2709	357
852	3003	357
852	3865	357
852	3866	357
852	3867	357
852	3868	357
852	3869	357
852	3870	357
852	3871	357
852	3872	357
852	3873	357
852	3874	357
852	3877	357
852	3878	357
852	3880	357
852	3882	357
852	3883	357
852	3885	357
852	3887	357
852	3888	357
852	3889	357
852	3890	357
852	3891	357
852	3892	357
852	3893	357
852	3895	357
852	3897	357
852	3898	357
852	3899	357
852	3900	357
852	3902	357
852	3903	357
852	3904	357
852	3905	357
852	3906	357
853	3275	42
853	3286	42
853	3287	42
854	1967	11
855	3117	117
855	3118	117
855	3119	117
855	3120	117
855	3121	117
855	3907	117
855	3954	117
855	4114	117
855	4115	117
855	4116	117
855	4117	117
855	4118	117
855	4119	117
855	4120	117
855	4121	117
855	4122	117
855	4123	117
855	4124	117
855	4125	117
855	4126	117
855	4127	117
855	4128	117
855	4129	117
855	4130	117
855	4131	117
855	4132	117
855	4133	117
855	4134	117
855	4135	117
855	4136	117
855	4137	117
855	4138	117
855	4139	117
855	4140	117
855	4141	117
855	4142	117
855	4143	117
855	4144	117
855	4145	117
855	4146	117
855	4147	117
855	4148	117
855	4149	117
855	4150	117
855	4152	117
855	4153	117
855	4154	117
855	4155	117
855	4156	117
855	4157	117
855	4158	117
855	4159	117
855	4160	117
855	4161	117
855	4162	117
855	4163	117
856	2088	395
857	937	331
857	938	331
858	938	337
859	930	51
860	938	321
861	930	124
861	937	124
861	938	124
862	937	394
862	938	394
2274	900	260
2274	924	260
863	938	266
864	930	44
864	938	44
865	930	103
866	1150	171
866	1812	171
866	1813	171
866	1814	171
866	1815	171
866	1847	171
866	1877	171
866	1878	171
866	1886	171
866	1932	171
866	1937	171
866	1951	171
866	1973	171
866	1983	171
866	1984	171
866	1985	171
866	1986	171
866	1987	171
866	1988	171
866	1989	171
866	1990	171
866	1991	171
866	1992	171
866	1995	171
866	1996	171
866	2002	171
866	2006	171
866	2120	171
866	2144	171
866	2150	171
866	2151	171
866	2154	171
866	2163	171
866	2164	171
866	2165	171
866	2166	171
866	2167	171
866	2169	171
866	2170	171
866	2171	171
866	2172	171
866	2173	171
866	2174	171
866	2175	171
866	2275	171
866	2276	171
866	2277	171
866	2278	171
866	2279	171
866	2280	171
866	2281	171
866	2284	171
866	2285	171
866	2286	171
866	2287	171
866	2288	171
866	2289	171
866	930	171
866	937	171
866	938	171
867	1979	196
867	2244	196
867	3117	196
867	3118	196
867	3119	196
867	3120	196
867	3121	196
867	3907	196
867	3954	196
867	4114	196
867	4115	196
867	4116	196
867	4117	196
867	4118	196
867	4119	196
867	4120	196
867	4121	196
867	4122	196
867	4123	196
867	4124	196
867	4125	196
867	4126	196
867	4127	196
867	4128	196
867	4129	196
867	4130	196
867	4131	196
867	4132	196
867	4133	196
867	4134	196
867	4135	196
867	4136	196
867	4137	196
867	4138	196
867	4139	196
867	4140	196
867	4141	196
867	4142	196
867	4143	196
867	4145	196
867	4146	196
867	4147	196
867	4148	196
867	4149	196
867	4150	196
867	4151	196
867	4152	196
867	4153	196
867	4154	196
867	4155	196
867	4156	196
867	4157	196
867	4158	196
867	4159	196
867	4160	196
867	4161	196
867	4162	196
867	4163	196
867	4164	196
867	4584	196
867	4585	196
867	4586	196
868	1852	125
868	1899	125
868	1933	125
868	1961	125
868	2088	125
868	3199	125
868	3210	125
868	3765	125
868	3766	125
868	3864	125
868	3881	125
868	3909	125
868	3910	125
868	3911	125
868	3912	125
868	3913	125
868	3914	125
868	3915	125
868	3916	125
868	3917	125
868	3918	125
868	3919	125
868	3920	125
868	3921	125
868	3922	125
868	3923	125
868	3924	125
868	3925	125
868	3926	125
868	3927	125
868	3928	125
868	3929	125
868	3930	125
868	3931	125
868	4645	125
868	4646	125
868	4647	125
868	4648	125
868	4649	125
868	4650	125
868	4651	125
868	4652	125
868	4653	125
868	4654	125
868	4655	125
868	4656	125
868	4657	125
868	4658	125
868	4659	125
868	4660	125
868	4661	125
868	4662	125
868	4663	125
868	4664	125
868	4665	125
868	4666	125
868	4667	125
868	4669	125
868	4671	125
868	4672	125
868	4673	125
868	4674	125
868	4675	125
868	4676	125
868	4677	125
868	4678	125
868	4679	125
868	4680	125
868	4681	125
868	4682	125
868	4683	125
2228	937	14
2228	938	14
869	937	212
869	938	212
870	2217	395
870	4914	395
871	1834	308
872	1834	142
872	1852	142
872	1896	142
872	1897	142
872	1899	142
872	1933	142
872	1961	142
872	1967	142
872	1969	142
872	2087	142
872	2088	142
872	2217	142
872	3199	142
872	3210	142
872	3765	142
872	3864	142
872	3881	142
872	3908	142
872	3909	142
872	3910	142
872	3911	142
872	3912	142
872	3913	142
872	3914	142
872	3915	142
872	3916	142
872	3917	142
872	3918	142
872	3919	142
872	3920	142
872	3921	142
872	3922	142
872	3923	142
872	3924	142
872	3925	142
872	3926	142
872	3927	142
872	3928	142
872	3929	142
872	3930	142
872	3931	142
872	4645	142
872	4646	142
872	4647	142
872	4648	142
872	4649	142
872	4651	142
872	4652	142
872	4653	142
872	4654	142
872	4655	142
872	4656	142
872	4657	142
872	4658	142
872	4659	142
872	4660	142
872	4661	142
872	4662	142
872	4663	142
872	4664	142
872	4665	142
872	4666	142
872	4667	142
872	4668	142
872	4669	142
872	4670	142
872	4671	142
872	4672	142
872	4673	142
872	4674	142
872	4675	142
872	4676	142
872	4677	142
872	4678	142
872	4680	142
872	4681	142
872	4682	142
872	4683	142
873	2739	349
873	4026	349
873	4027	349
873	4028	349
874	938	206
875	937	192
875	938	192
876	937	165
877	930	275
877	937	275
877	938	275
878	930	54
879	937	143
879	938	143
880	930	10
880	937	10
880	938	10
881	930	349
881	937	349
881	938	349
882	930	187
883	930	27
883	937	27
883	938	27
884	937	343
884	938	343
885	930	188
886	930	218
886	937	218
886	938	218
887	668	141
887	937	141
888	930	147
889	930	309
889	937	309
889	938	309
890	1810	282
890	930	282
2666	937	201
2666	938	201
2667	938	378
891	937	120
891	938	120
892	930	146
892	938	146
893	937	360
893	938	360
894	937	335
894	938	335
895	930	293
896	930	75
897	937	210
897	938	210
898	930	391
899	937	111
899	938	111
900	1811	396
900	1845	396
900	1885	396
900	1905	396
900	1908	396
900	1909	396
900	1935	396
900	1936	396
900	1938	396
900	1940	396
900	1941	396
900	1948	396
900	1952	396
900	1956	396
900	1974	396
900	1998	396
900	2007	396
900	2008	396
900	2011	396
900	2012	396
900	2013	396
900	2015	396
900	2017	396
900	2018	396
900	2019	396
900	2020	396
900	2021	396
900	2022	396
900	2024	396
900	2033	396
900	2046	396
900	2049	396
900	2051	396
900	2052	396
900	2061	396
900	2067	396
900	2068	396
900	2069	396
900	2072	396
900	2079	396
900	2081	396
900	2086	396
900	2126	396
900	2218	396
900	2240	396
900	2257	396
900	2259	396
900	2264	396
900	2265	396
900	2312	396
900	2313	396
900	2314	396
900	2315	396
900	2316	396
900	2318	396
900	2366	396
900	2367	396
900	2465	396
900	2468	396
900	2470	396
900	2473	396
900	2474	396
900	2504	396
900	2510	396
900	2512	396
900	2518	396
900	2521	396
900	2522	396
900	2523	396
900	2524	396
900	2542	396
900	2551	396
900	2553	396
900	2555	396
900	2556	396
900	2592	396
900	2594	396
900	2595	396
900	2597	396
900	2599	396
900	2671	396
900	2706	396
900	3266	396
900	3284	396
900	3366	396
900	3367	396
900	3368	396
900	3370	396
900	938	396
901	937	237
901	938	237
902	937	164
902	938	164
903	937	350
903	938	350
904	937	7
904	938	7
905	930	39
905	937	39
905	938	39
906	937	320
907	937	33
907	938	33
908	991	41
908	1021	41
908	1183	41
908	1267	41
908	1268	41
908	1270	41
908	1271	41
908	1272	41
908	1273	41
908	1274	41
908	1342	41
908	1343	41
908	1344	41
908	1345	41
908	1346	41
908	1347	41
908	1348	41
908	1349	41
908	1350	41
908	1354	41
908	1358	41
908	1396	41
908	1428	41
908	1429	41
908	1598	41
908	1599	41
908	1602	41
908	1607	41
908	1608	41
908	2683	41
909	930	25
909	937	25
909	938	25
910	937	70
910	938	70
911	937	124
911	938	124
912	930	295
912	937	295
912	938	295
913	937	14
913	938	14
914	937	122
914	938	122
915	937	85
915	938	85
916	1854	266
916	3275	266
916	3286	266
916	3287	266
917	937	6
917	938	6
918	2846	337
918	937	337
919	937	58
919	938	58
920	937	198
920	938	198
921	937	213
921	938	213
922	937	320
922	938	320
923	937	85
923	938	85
924	1545	40
924	1810	40
924	1811	40
924	1819	40
924	1832	40
924	1845	40
924	1853	40
924	1881	40
924	1885	40
924	1887	40
924	1891	40
924	1893	40
924	1894	40
924	1895	40
924	1897	40
924	1898	40
924	1901	40
924	1902	40
924	1903	40
924	1904	40
924	1905	40
924	1908	40
924	1909	40
924	1911	40
924	1931	40
924	1935	40
924	1936	40
924	1938	40
924	1940	40
924	1941	40
924	1942	40
924	1944	40
924	1945	40
924	1948	40
924	1952	40
924	1954	40
924	1956	40
924	1957	40
924	1958	40
924	1962	40
924	1963	40
924	1974	40
924	1975	40
924	1998	40
924	2007	40
924	2008	40
924	2009	40
924	2011	40
924	2012	40
924	2013	40
924	2014	40
924	2015	40
924	2016	40
924	2017	40
924	2018	40
924	2019	40
924	2020	40
924	2021	40
924	2022	40
924	2023	40
924	2024	40
924	2025	40
924	2026	40
924	2027	40
924	2032	40
924	2033	40
924	2045	40
924	2046	40
924	2047	40
924	2048	40
924	2049	40
924	2050	40
924	2051	40
924	2052	40
924	2053	40
924	2055	40
924	2056	40
924	2057	40
924	2058	40
924	2060	40
924	2061	40
924	2062	40
924	2063	40
924	2064	40
924	2067	40
924	2068	40
924	2069	40
924	2070	40
924	2071	40
924	2072	40
924	2078	40
924	2079	40
924	2081	40
924	2084	40
924	2085	40
924	2086	40
924	2089	40
924	2115	40
924	2116	40
924	2121	40
924	2122	40
924	2124	40
924	2125	40
924	2126	40
924	2209	40
924	2215	40
924	2216	40
924	2218	40
924	2240	40
924	2256	40
924	2257	40
924	2258	40
924	2259	40
924	2261	40
924	2262	40
924	2264	40
924	2265	40
924	2308	40
924	2309	40
924	2310	40
924	2311	40
924	2312	40
924	2313	40
924	2314	40
924	2315	40
924	2316	40
924	2317	40
924	2318	40
924	2319	40
924	2320	40
924	2366	40
924	2367	40
924	2373	40
924	2465	40
924	2466	40
924	2468	40
924	2470	40
924	2471	40
924	2473	40
924	2474	40
924	2475	40
924	2482	40
924	2504	40
924	2510	40
924	2511	40
924	2512	40
924	2513	40
924	2514	40
924	2516	40
924	2518	40
924	2520	40
924	2521	40
924	2522	40
924	2523	40
924	2524	40
924	2542	40
924	2551	40
924	2552	40
924	2553	40
924	2555	40
924	2556	40
924	2559	40
924	2560	40
924	2561	40
924	2572	40
924	2573	40
924	2592	40
924	2593	40
924	2594	40
924	2595	40
924	2597	40
924	2599	40
924	2671	40
924	2672	40
924	2685	40
924	2705	40
924	2706	40
924	2707	40
924	2717	40
924	2736	40
924	2806	40
924	2821	40
924	2831	40
924	2868	40
924	2893	40
924	2897	40
924	3050	40
924	3242	40
924	3266	40
924	3284	40
924	3324	40
924	3363	40
924	3364	40
924	3365	40
924	3366	40
924	3367	40
924	3368	40
924	3369	40
924	3370	40
924	3371	40
924	4914	40
925	937	38
925	938	38
926	937	323
926	938	323
927	937	247
927	938	247
928	937	16
928	938	16
929	930	168
929	938	168
930	931	56
930	935	56
930	941	56
930	946	56
930	947	56
930	954	56
930	955	56
930	956	56
930	958	56
930	959	56
930	960	56
930	961	56
930	963	56
930	964	56
930	965	56
930	966	56
930	967	56
930	968	56
930	969	56
930	970	56
930	971	56
930	973	56
930	974	56
930	975	56
930	976	56
930	977	56
930	978	56
930	982	56
930	983	56
930	985	56
930	986	56
930	987	56
930	989	56
930	991	56
930	993	56
930	994	56
930	995	56
930	996	56
930	999	56
930	1000	56
930	1001	56
930	1002	56
930	1003	56
930	1004	56
930	1005	56
930	1006	56
930	1008	56
930	1009	56
930	1011	56
930	1013	56
930	1014	56
930	1016	56
930	1017	56
930	1019	56
930	1020	56
930	1021	56
930	1022	56
930	1023	56
930	1024	56
930	1025	56
930	1026	56
930	1027	56
930	1034	56
930	1041	56
930	1047	56
930	1050	56
930	1055	56
930	1057	56
930	1060	56
930	1062	56
930	1086	56
930	1087	56
930	1088	56
930	1096	56
930	1102	56
930	1103	56
930	1104	56
930	1106	56
930	1119	56
930	1120	56
930	1123	56
930	1124	56
930	1125	56
930	1127	56
930	1128	56
930	1129	56
930	1132	56
930	1133	56
930	1135	56
930	1137	56
930	1138	56
930	1139	56
930	1140	56
930	1141	56
930	1147	56
930	1148	56
930	1149	56
930	1151	56
930	1152	56
930	1154	56
930	1155	56
930	1156	56
930	1157	56
930	1161	56
930	1167	56
930	1170	56
930	1173	56
930	1182	56
930	1183	56
930	1184	56
930	1185	56
930	1195	56
930	1196	56
930	1197	56
930	1198	56
930	1202	56
930	1204	56
930	1205	56
930	1206	56
930	1207	56
930	1208	56
930	1209	56
930	1210	56
930	1211	56
930	1214	56
930	1217	56
930	1218	56
930	1219	56
930	1220	56
930	1221	56
930	1222	56
930	1223	56
930	1224	56
930	1225	56
930	1226	56
930	1227	56
930	1228	56
930	1238	56
930	1239	56
930	1241	56
930	1242	56
930	1243	56
930	1244	56
930	1246	56
930	1249	56
930	1250	56
930	1252	56
930	1253	56
930	1255	56
930	1257	56
930	1258	56
930	1259	56
930	1260	56
930	1261	56
930	1262	56
930	1263	56
930	1264	56
930	1265	56
930	1266	56
930	1267	56
930	1270	56
930	1271	56
930	1272	56
930	1274	56
930	1276	56
930	1278	56
930	1279	56
930	1280	56
930	1281	56
930	1282	56
930	1290	56
930	1292	56
930	1297	56
930	1298	56
930	1299	56
930	1300	56
930	1301	56
930	1302	56
930	1303	56
930	1305	56
930	1307	56
930	1308	56
930	1309	56
930	1310	56
930	1311	56
930	1312	56
930	1313	56
930	1314	56
930	1315	56
930	1318	56
930	1322	56
930	1323	56
930	1324	56
930	1340	56
930	1341	56
930	1345	56
930	1346	56
930	1348	56
930	1350	56
930	1353	56
930	1355	56
930	1357	56
930	1358	56
930	1362	56
930	1363	56
930	1365	56
930	1368	56
930	1369	56
930	1372	56
930	1373	56
930	1374	56
930	1378	56
930	1379	56
930	1389	56
930	1393	56
930	1394	56
930	1395	56
930	1396	56
930	1397	56
930	1407	56
930	1409	56
930	1410	56
930	1412	56
930	1413	56
930	1414	56
930	1416	56
930	1418	56
930	1419	56
930	1420	56
930	1421	56
930	1422	56
930	1423	56
930	1424	56
930	1425	56
930	1426	56
930	1427	56
930	1430	56
930	1431	56
930	1433	56
930	1434	56
930	1442	56
930	1443	56
930	1444	56
930	1445	56
930	1446	56
930	1447	56
930	1451	56
930	1454	56
930	1455	56
930	1456	56
930	1457	56
930	1458	56
930	1459	56
930	1460	56
930	1461	56
930	1468	56
930	1471	56
930	1482	56
930	1483	56
930	1486	56
930	1487	56
930	1489	56
930	1492	56
930	1494	56
930	1495	56
930	1496	56
930	1497	56
930	1498	56
930	1499	56
930	1501	56
930	1503	56
930	1504	56
930	1505	56
930	1507	56
930	1509	56
930	1510	56
930	1511	56
930	1513	56
930	1514	56
930	1515	56
930	1521	56
930	1526	56
930	1527	56
930	1528	56
930	1529	56
930	1530	56
930	1531	56
930	1532	56
930	1536	56
930	1537	56
930	1538	56
930	1579	56
930	1585	56
930	1590	56
930	1591	56
930	1595	56
930	1596	56
930	1597	56
930	1603	56
930	1604	56
930	1608	56
930	1618	56
930	1623	56
930	1624	56
930	1630	56
930	1631	56
930	1635	56
930	1638	56
930	1639	56
930	1640	56
930	1645	56
930	1646	56
930	1647	56
930	1648	56
930	1649	56
930	1651	56
930	1653	56
930	1654	56
930	1655	56
930	1660	56
930	1668	56
930	1669	56
930	1671	56
930	1672	56
930	1673	56
930	1675	56
930	1676	56
930	1677	56
930	1678	56
930	1679	56
930	1680	56
930	1681	56
930	1682	56
930	1683	56
930	1684	56
930	1685	56
930	1686	56
930	1687	56
930	1688	56
930	1690	56
930	1698	56
930	1707	56
930	1713	56
930	1716	56
930	1718	56
930	1720	56
930	1725	56
930	1726	56
930	1727	56
930	1728	56
930	1730	56
930	1755	56
930	1756	56
930	1757	56
930	1758	56
930	1759	56
930	1760	56
930	1762	56
930	1763	56
930	1764	56
930	1784	56
930	1785	56
930	1786	56
930	1787	56
930	1788	56
930	1790	56
930	1791	56
930	1802	56
930	1807	56
930	2680	56
930	2775	56
930	2855	56
930	2857	56
930	3271	56
930	3494	56
932	3358	170
932	937	170
932	938	170
933	937	71
933	938	71
934	937	91
934	938	91
935	937	124
935	938	124
936	937	389
936	938	389
937	937	313
937	939	313
937	940	313
937	942	313
937	943	313
937	944	313
937	945	313
937	948	313
937	949	313
937	950	313
937	951	313
937	952	313
937	953	313
937	955	313
937	957	313
937	958	313
937	959	313
937	960	313
937	961	313
937	962	313
937	963	313
937	968	313
937	971	313
937	972	313
937	974	313
937	976	313
937	977	313
937	978	313
937	979	313
937	980	313
937	981	313
937	982	313
937	984	313
937	985	313
937	987	313
937	988	313
937	990	313
937	991	313
937	992	313
937	997	313
937	1002	313
937	1010	313
937	1011	313
937	1012	313
937	1015	313
937	1017	313
937	1018	313
937	1019	313
937	1020	313
937	1028	313
937	1029	313
937	1030	313
937	1032	313
937	1033	313
937	1034	313
937	1035	313
937	1036	313
937	1037	313
937	1038	313
937	1039	313
937	1040	313
937	1042	313
937	1043	313
937	1044	313
937	1045	313
937	1046	313
937	1047	313
937	1048	313
937	1049	313
937	1050	313
937	1051	313
937	1052	313
937	1053	313
937	1054	313
937	1056	313
937	1057	313
937	1058	313
937	1059	313
937	1060	313
937	1063	313
937	1064	313
937	1065	313
937	1066	313
937	1067	313
937	1068	313
937	1069	313
937	1070	313
937	1071	313
937	1072	313
937	1073	313
937	1075	313
937	1076	313
937	1077	313
937	1078	313
937	1079	313
937	1080	313
937	1081	313
937	1082	313
937	1084	313
937	1085	313
937	1086	313
937	1088	313
937	1089	313
937	1090	313
937	1091	313
937	1092	313
937	1093	313
937	1094	313
937	1096	313
937	1100	313
937	1101	313
937	1106	313
937	1108	313
937	1111	313
937	1114	313
937	1118	313
937	1120	313
937	1121	313
937	1122	313
937	1123	313
937	1124	313
937	1126	313
937	1130	313
937	1131	313
937	1132	313
937	1134	313
937	1135	313
937	1136	313
937	1137	313
937	1143	313
937	1144	313
937	1145	313
937	1146	313
937	1147	313
937	1149	313
937	1153	313
937	1154	313
937	1155	313
937	1156	313
937	1158	313
937	1159	313
937	1160	313
937	1162	313
937	1163	313
937	1164	313
937	1165	313
937	1166	313
937	1168	313
937	1169	313
937	1170	313
937	1171	313
937	1172	313
937	1173	313
937	1174	313
937	1175	313
937	1176	313
937	1177	313
937	1178	313
937	1179	313
937	1180	313
937	1181	313
937	1183	313
937	1186	313
937	1187	313
937	1188	313
937	1189	313
937	1190	313
937	1191	313
937	1192	313
937	1194	313
937	1199	313
937	1200	313
937	1201	313
937	1203	313
937	1207	313
937	1209	313
937	1211	313
937	1215	313
937	1216	313
937	1226	313
937	1227	313
937	1229	313
937	1230	313
937	1231	313
937	1232	313
937	1233	313
937	1234	313
937	1235	313
937	1236	313
937	1237	313
937	1239	313
937	1240	313
937	1241	313
937	1242	313
937	1245	313
937	1247	313
937	1249	313
937	1250	313
937	1252	313
937	1254	313
937	1256	313
937	1257	313
937	1258	313
937	1264	313
937	1265	313
937	1267	313
937	1275	313
937	1276	313
937	1277	313
937	1278	313
937	1282	313
937	1283	313
937	1284	313
937	1285	313
937	1286	313
937	1291	313
937	1293	313
937	1295	313
937	1304	313
937	1305	313
937	1306	313
937	1307	313
937	1309	313
937	1315	313
937	1316	313
937	1317	313
937	1319	313
937	1320	313
937	1321	313
937	1324	313
937	1325	313
937	1329	313
937	1330	313
937	1331	313
937	1332	313
937	1333	313
937	1334	313
937	1336	313
937	1337	313
937	1338	313
937	1340	313
937	1341	313
937	1347	313
937	1353	313
937	1356	313
937	1359	313
937	1360	313
937	1361	313
937	1363	313
937	1364	313
937	1366	313
937	1367	313
937	1369	313
937	1370	313
937	1375	313
937	1376	313
937	1377	313
937	1380	313
937	1381	313
937	1382	313
937	1383	313
937	1384	313
937	1385	313
937	1386	313
937	1387	313
937	1388	313
937	1390	313
937	1392	313
937	1394	313
937	1395	313
937	1398	313
937	1399	313
937	1400	313
937	1401	313
937	1402	313
937	1403	313
937	1404	313
937	1405	313
937	1406	313
937	1408	313
937	1411	313
937	1412	313
937	1413	313
937	1415	313
937	1417	313
937	1420	313
937	1422	313
937	1424	313
937	1427	313
937	1428	313
937	1434	313
937	1436	313
937	1437	313
937	1438	313
937	1439	313
937	1440	313
937	1441	313
937	1446	313
937	1447	313
937	1448	313
937	1449	313
937	1450	313
937	1453	313
937	1456	313
937	1459	313
937	1460	313
937	1462	313
937	1464	313
937	1465	313
937	1466	313
937	1467	313
937	1469	313
937	1470	313
937	1472	313
937	1473	313
937	1474	313
937	1475	313
937	1476	313
937	1477	313
937	1478	313
937	1479	313
937	1480	313
937	1481	313
937	1482	313
937	1483	313
937	1488	313
937	1490	313
937	1491	313
937	1492	313
937	1493	313
937	1495	313
937	1496	313
937	1500	313
937	1502	313
937	1506	313
937	1509	313
937	1512	313
937	1514	313
937	1517	313
937	1518	313
937	1519	313
937	1520	313
937	1521	313
937	1522	313
937	1523	313
937	1524	313
937	1525	313
937	1527	313
937	1533	313
937	1534	313
937	1535	313
937	1540	313
937	1541	313
937	1542	313
937	1543	313
937	1544	313
937	1546	313
937	1547	313
937	1548	313
937	1549	313
937	1550	313
937	1551	313
937	1552	313
937	1553	313
937	1555	313
937	1556	313
937	1557	313
937	1558	313
937	1559	313
937	1560	313
937	1561	313
937	1562	313
937	1563	313
937	1564	313
937	1565	313
937	1566	313
937	1567	313
937	1568	313
937	1569	313
937	1570	313
937	1571	313
937	1572	313
937	1574	313
937	1576	313
937	1580	313
937	1581	313
937	1582	313
937	1583	313
937	1584	313
937	1587	313
937	1588	313
937	1589	313
937	1590	313
937	1591	313
937	1592	313
937	1593	313
937	1594	313
937	1601	313
937	1602	313
937	1606	313
937	1609	313
937	1610	313
937	1612	313
937	1613	313
937	1614	313
937	1615	313
937	1617	313
937	1618	313
937	1619	313
937	1620	313
937	1621	313
937	1622	313
937	1625	313
937	1626	313
937	1627	313
937	1628	313
937	1632	313
937	1633	313
937	1634	313
937	1636	313
937	1637	313
937	1638	313
937	1641	313
937	1642	313
937	1643	313
937	1644	313
937	1650	313
937	1652	313
937	1653	313
937	1655	313
937	1656	313
937	1657	313
937	1658	313
937	1659	313
937	1660	313
937	1661	313
937	1662	313
937	1663	313
937	1665	313
937	1666	313
937	1669	313
937	1670	313
937	1674	313
937	1675	313
937	1689	313
937	1691	313
937	1692	313
937	1694	313
937	1695	313
937	1696	313
937	1697	313
937	1699	313
937	1700	313
937	1702	313
937	1704	313
937	1705	313
937	1706	313
937	1707	313
937	1708	313
937	1710	313
937	1711	313
937	1712	313
937	1714	313
937	1715	313
937	1717	313
937	1719	313
937	1721	313
937	1722	313
937	1723	313
937	1725	313
937	1728	313
937	1729	313
937	1731	313
937	1732	313
937	1733	313
937	1734	313
937	1736	313
937	1737	313
937	1738	313
937	1739	313
937	1740	313
937	1741	313
937	1742	313
937	1743	313
937	1744	313
937	1745	313
937	1746	313
937	1747	313
937	1748	313
937	1749	313
937	1750	313
937	1751	313
937	1752	313
937	1753	313
937	1761	313
937	1765	313
937	1766	313
937	1767	313
937	1768	313
937	1769	313
937	1770	313
937	1771	313
937	1773	313
937	1774	313
937	1775	313
937	1776	313
937	1777	313
937	1778	313
937	1779	313
937	1780	313
937	1781	313
937	1782	313
937	1783	313
937	1793	313
937	1794	313
937	1795	313
937	1796	313
937	1797	313
937	1798	313
937	1799	313
937	1800	313
937	1801	313
937	1804	313
937	1805	313
937	1806	313
937	1808	313
937	1880	313
937	1930	313
937	2230	313
937	2232	313
937	2234	313
937	2235	313
937	2236	313
937	2237	313
937	2238	313
937	2239	313
937	2681	313
937	2682	313
937	2684	313
937	2713	313
937	2714	313
937	2715	313
937	2716	313
937	2756	313
937	2759	313
937	2765	313
937	2766	313
937	2767	313
937	2768	313
937	2770	313
937	2771	313
937	2773	313
937	2774	313
937	2776	313
937	2777	313
937	2778	313
937	2850	313
937	2851	313
937	2853	313
937	2854	313
937	2856	313
937	2925	313
937	2926	313
937	2927	313
937	2928	313
937	2929	313
937	3052	313
937	3123	313
937	3124	313
937	3125	313
937	3126	313
937	3142	313
937	3154	313
937	3155	313
937	3156	313
937	3157	313
937	3273	313
937	3312	313
937	3402	313
937	3403	313
937	3405	313
937	3406	313
937	3420	313
937	3421	313
937	3423	313
937	3424	313
937	3492	313
937	3493	313
937	3495	313
937	3496	313
937	3583	313
937	3584	313
937	3734	313
937	4616	313
937	4851	313
937	4852	313
938	939	111
938	940	111
938	942	111
938	943	111
938	944	111
938	945	111
938	948	111
938	950	111
938	951	111
938	955	111
938	957	111
938	958	111
938	959	111
938	960	111
938	961	111
938	963	111
938	967	111
938	968	111
938	971	111
938	972	111
938	974	111
938	977	111
938	978	111
938	980	111
938	981	111
938	982	111
938	983	111
938	985	111
938	987	111
938	988	111
938	989	111
938	990	111
938	991	111
938	992	111
938	993	111
938	994	111
938	997	111
938	998	111
938	1002	111
938	1007	111
938	1008	111
938	1010	111
938	1011	111
938	1012	111
938	1015	111
938	1018	111
938	1020	111
938	1028	111
938	1029	111
938	1030	111
938	1031	111
938	1032	111
938	1035	111
938	1036	111
938	1037	111
938	1038	111
938	1039	111
938	1040	111
938	1042	111
938	1043	111
938	1044	111
938	1045	111
938	1046	111
938	1047	111
938	1048	111
938	1049	111
938	1051	111
938	1052	111
938	1053	111
938	1054	111
938	1056	111
938	1057	111
938	1058	111
938	1059	111
938	1060	111
938	1061	111
938	1063	111
938	1064	111
938	1065	111
938	1066	111
938	1068	111
938	1069	111
938	1070	111
938	1071	111
938	1072	111
938	1073	111
938	1074	111
938	1075	111
938	1076	111
938	1077	111
938	1078	111
938	1080	111
938	1081	111
938	1082	111
938	1083	111
938	1084	111
938	1089	111
938	1090	111
938	1091	111
938	1092	111
938	1093	111
938	1095	111
938	1096	111
938	1097	111
938	1098	111
938	1099	111
938	1100	111
938	1101	111
938	1105	111
938	1106	111
938	1107	111
938	1108	111
938	1109	111
938	1110	111
938	1112	111
938	1113	111
938	1114	111
938	1115	111
938	1116	111
938	1117	111
938	1120	111
938	1121	111
938	1122	111
938	1123	111
938	1124	111
938	1125	111
938	1126	111
938	1130	111
938	1131	111
938	1132	111
938	1134	111
938	1136	111
938	1137	111
938	1142	111
938	1143	111
938	1144	111
938	1145	111
938	1146	111
938	1147	111
938	1153	111
938	1154	111
938	1156	111
938	1159	111
938	1160	111
938	1162	111
938	1163	111
938	1166	111
938	1168	111
938	1169	111
938	1171	111
938	1173	111
938	1174	111
938	1175	111
938	1176	111
938	1177	111
938	1178	111
938	1179	111
938	1180	111
938	1181	111
938	1183	111
938	1186	111
938	1188	111
938	1189	111
938	1190	111
938	1191	111
938	1192	111
938	1193	111
938	1194	111
938	1198	111
938	1199	111
938	1200	111
938	1201	111
938	1203	111
938	1207	111
938	1209	111
938	1211	111
938	1212	111
938	1213	111
938	1216	111
938	1222	111
938	1225	111
938	1226	111
938	1227	111
938	1229	111
938	1231	111
938	1232	111
938	1233	111
938	1234	111
938	1235	111
938	1236	111
938	1237	111
938	1239	111
938	1240	111
938	1241	111
938	1242	111
938	1245	111
938	1246	111
938	1247	111
938	1248	111
938	1249	111
938	1250	111
938	1251	111
938	1254	111
938	1256	111
938	1257	111
938	1264	111
938	1265	111
938	1267	111
938	1268	111
938	1269	111
938	1272	111
938	1273	111
938	1275	111
938	1276	111
938	1277	111
938	1278	111
938	1282	111
938	1283	111
938	1285	111
938	1286	111
938	1287	111
938	1288	111
938	1289	111
938	1291	111
938	1293	111
938	1294	111
938	1295	111
938	1296	111
938	1304	111
938	1305	111
938	1306	111
938	1307	111
938	1309	111
938	1316	111
938	1317	111
938	1319	111
938	1320	111
938	1321	111
938	1324	111
938	1325	111
938	1326	111
938	1327	111
938	1328	111
938	1329	111
938	1330	111
938	1331	111
938	1332	111
938	1333	111
938	1335	111
938	1336	111
938	1337	111
938	1338	111
938	1339	111
938	1340	111
938	1341	111
938	1342	111
938	1343	111
938	1344	111
938	1347	111
938	1349	111
938	1353	111
938	1354	111
938	1356	111
938	1359	111
938	1360	111
938	1363	111
938	1364	111
938	1366	111
938	1369	111
938	1371	111
938	1375	111
938	1376	111
938	1377	111
938	1380	111
938	1381	111
938	1382	111
938	1383	111
938	1384	111
938	1385	111
938	1386	111
938	1387	111
938	1388	111
938	1390	111
938	1391	111
938	1392	111
938	1394	111
938	1395	111
938	1396	111
938	1398	111
938	1399	111
938	1400	111
938	1401	111
938	1402	111
938	1403	111
938	1404	111
938	1406	111
938	1408	111
938	1411	111
938	1412	111
938	1413	111
938	1421	111
938	1422	111
938	1424	111
938	1427	111
938	1428	111
938	1429	111
938	1432	111
938	1434	111
938	1435	111
938	1436	111
938	1438	111
938	1440	111
938	1441	111
938	1442	111
938	1448	111
938	1449	111
938	1450	111
938	1451	111
938	1452	111
938	1453	111
938	1454	111
938	1456	111
938	1459	111
938	1460	111
938	1463	111
938	1465	111
938	1466	111
938	1467	111
938	1469	111
938	1470	111
938	1472	111
938	1474	111
938	1475	111
938	1476	111
938	1478	111
938	1479	111
938	1480	111
938	1482	111
938	1483	111
938	1484	111
938	1485	111
938	1488	111
938	1490	111
938	1493	111
938	1495	111
938	1496	111
938	1500	111
938	1502	111
938	1506	111
938	1508	111
938	1509	111
938	1514	111
938	1516	111
938	1517	111
938	1518	111
938	1519	111
938	1520	111
938	1521	111
938	1523	111
938	1524	111
938	1525	111
938	1527	111
938	1533	111
938	1534	111
938	1539	111
938	1540	111
938	1541	111
938	1542	111
938	1543	111
938	1544	111
938	1546	111
938	1547	111
938	1548	111
938	1549	111
938	1550	111
938	1551	111
938	1552	111
938	1554	111
938	1556	111
938	1557	111
938	1558	111
938	1559	111
938	1560	111
938	1561	111
938	1562	111
938	1563	111
938	1564	111
938	1565	111
938	1566	111
938	1567	111
938	1568	111
938	1569	111
938	1570	111
938	1571	111
938	1572	111
938	1573	111
938	1574	111
938	1575	111
938	1576	111
938	1577	111
938	1578	111
938	1580	111
938	1581	111
938	1582	111
938	1583	111
938	1584	111
938	1587	111
938	1589	111
938	1590	111
938	1591	111
938	1598	111
938	1599	111
938	1600	111
938	1601	111
938	1605	111
938	1606	111
938	1607	111
938	1609	111
938	1611	111
938	1613	111
938	1614	111
938	1615	111
938	1616	111
938	1617	111
938	1618	111
938	1619	111
938	1620	111
938	1621	111
938	1622	111
938	1625	111
938	1626	111
938	1627	111
938	1628	111
938	1629	111
938	1632	111
938	1633	111
938	1636	111
938	1637	111
938	1638	111
938	1642	111
938	1643	111
938	1644	111
938	1652	111
938	1655	111
938	1656	111
938	1658	111
938	1661	111
938	1662	111
938	1663	111
938	1664	111
938	1665	111
938	1666	111
938	1667	111
938	1669	111
938	1673	111
938	1674	111
938	1675	111
938	1681	111
938	1689	111
938	1691	111
938	1692	111
938	1693	111
938	1694	111
938	1695	111
938	1696	111
938	1697	111
938	1699	111
938	1701	111
938	1702	111
938	1703	111
938	1704	111
938	1705	111
938	1707	111
938	1708	111
938	1709	111
938	1710	111
938	1711	111
938	1712	111
938	1714	111
938	1715	111
938	1717	111
938	1719	111
938	1722	111
938	1723	111
938	1724	111
938	1725	111
938	1728	111
938	1729	111
938	1730	111
938	1731	111
938	1732	111
938	1734	111
938	1735	111
938	1736	111
938	1738	111
938	1739	111
938	1740	111
938	1741	111
938	1745	111
938	1747	111
938	1748	111
938	1749	111
938	1750	111
938	1751	111
938	1752	111
938	1754	111
938	1765	111
938	1766	111
938	1767	111
938	1769	111
938	1770	111
938	1771	111
938	1772	111
938	1774	111
938	1775	111
938	1776	111
938	1777	111
938	1778	111
938	1779	111
938	1780	111
938	1781	111
938	1783	111
938	1792	111
938	1795	111
938	1797	111
938	1798	111
938	1799	111
938	1800	111
938	1801	111
938	1803	111
938	1805	111
938	1806	111
938	1808	111
938	1823	111
938	1880	111
938	1930	111
938	2229	111
938	2231	111
938	2232	111
938	2233	111
938	2234	111
938	2235	111
938	2238	111
938	2239	111
938	2682	111
938	2683	111
938	2713	111
938	2714	111
938	2715	111
938	2741	111
938	2755	111
938	2757	111
938	2758	111
938	2760	111
938	2761	111
938	2765	111
938	2766	111
938	2767	111
938	2770	111
938	2772	111
938	2773	111
938	2774	111
938	2776	111
938	2778	111
938	2779	111
938	2850	111
938	2851	111
938	2856	111
938	2925	111
938	2926	111
938	2929	111
938	2933	111
938	3123	111
938	3124	111
938	3125	111
938	3126	111
938	3127	111
938	3151	111
938	3152	111
938	3153	111
938	3154	111
938	3156	111
938	3158	111
938	3272	111
938	3273	111
938	3403	111
938	3404	111
938	3405	111
938	3420	111
938	3422	111
938	3423	111
938	3424	111
938	3492	111
938	3493	111
938	3495	111
938	3497	111
938	3583	111
938	3616	111
938	3733	111
938	4182	111
938	4616	111
938	4818	111
938	4857	111
960	3670	199
960	3671	199
960	3672	199
960	3673	199
960	3674	199
960	3675	199
960	3676	199
960	3678	199
960	3679	199
960	3680	199
960	3682	199
962	2669	134
962	4974	134
962	4975	134
1268	668	43
1343	668	301
1344	668	77
1428	668	358
1429	668	162
1539	668	182
1598	668	222
1599	668	352
1602	668	257
3385	663	100
663	2900	156
663	2901	156
663	4026	156
663	4027	156
663	4028	156
663	4029	156
663	4030	156
663	4031	156
663	4032	156
663	4033	156
663	4034	156
663	4035	156
663	4036	156
663	4037	156
663	4038	156
663	4039	156
663	4040	156
663	4041	156
663	4042	156
663	4043	156
663	4606	156
