5000	5029
470	49	272
0	49	302
3523	49	128
1129	49	140
3524	49	29
2468	49	14
2469	49	205
2470	49	347
2471	49	256
3525	49	56
1130	49	342
1131	49	75
2472	49	242
471	49	36
3526	49	51
2473	49	141
3527	49	233
2474	49	253
472	49	208
2475	49	371
4620	49	27
2476	49	292
473	49	45
1132	49	350
2477	2	85
2477	49	85
2478	49	330
3528	49	315
2479	49	114
2480	49	389
4621	49	158
1133	49	231
2481	49	7
2482	49	118
2483	49	221
3529	49	26
3530	49	53
3531	49	319
3532	49	359
3533	49	161
4622	49	157
4623	49	349
474	49	282
3534	49	373
3535	49	362
3536	49	189
3537	49	43
2484	49	145
1	49	325
1134	49	74
3538	49	389
475	49	198
3539	49	268
4624	49	310
3540	49	9
2485	49	331
3541	49	288
3542	49	171
2486	49	128
2487	49	104
476	49	76
1135	49	212
1136	49	67
2488	49	140
4625	49	109
3543	49	72
477	49	251
1137	49	322
2489	49	47
3544	49	225
2490	49	356
2491	49	145
478	49	55
4626	49	173
479	49	177
4627	49	346
4628	49	339
3545	49	185
3546	49	26
1138	49	184
3547	49	374
480	49	295
1139	49	103
2	142	238
2	296	238
2	749	238
2	1218	238
2	4069	238
2	49	238
3548	49	117
2492	49	130
481	49	319
482	49	396
4629	49	41
483	49	96
1140	49	195
2493	49	236
1141	49	375
1142	49	151
3549	49	287
3550	49	389
3551	49	138
3552	49	271
1143	49	323
1144	49	250
484	49	97
3553	49	138
2494	49	358
2495	49	178
1145	49	344
1146	49	145
3554	49	240
1147	49	124
3	49	14
485	49	118
2496	49	379
486	49	99
4630	49	67
4631	49	70
1148	49	84
1149	49	320
2497	49	84
2498	49	213
4	49	202
1150	49	61
3555	49	370
487	49	70
488	49	324
1151	49	325
1152	49	193
4632	49	37
4633	49	361
2499	49	292
3556	49	54
4634	49	185
489	49	232
2500	49	165
3557	49	218
5	49	19
4635	49	376
3558	49	49
4636	49	326
3559	49	78
3560	49	62
1153	49	120
2501	49	141
1154	49	344
3561	49	194
4637	49	137
4638	49	206
4639	49	272
3562	49	117
2502	49	307
3563	49	28
3564	49	174
3565	49	104
2503	49	18
4640	49	42
2504	49	347
1155	49	343
1156	49	369
2505	49	226
2506	49	184
490	49	312
3566	49	105
1157	49	393
2507	49	5
2508	49	219
2509	49	134
6	49	388
4641	49	2
2510	49	389
2511	49	399
4642	49	266
4643	49	357
2512	49	153
491	49	276
1158	49	9
2513	49	262
2514	49	255
2515	49	363
492	49	51
4644	49	96
3567	49	67
2516	49	209
7	4228	264
7	4470	264
7	49	264
3568	49	178
1159	49	154
3569	49	113
1160	49	125
4645	49	34
4646	49	239
1161	49	44
493	49	330
3570	49	108
4647	49	174
4648	49	289
2517	49	182
494	49	388
8	49	140
2518	49	75
9	49	330
2519	49	43
4649	49	272
4650	49	94
4651	49	10
1162	49	102
1163	49	332
3571	49	46
3572	49	30
3573	49	289
3574	49	282
4652	49	45
495	49	264
2520	49	232
3575	49	73
4653	49	130
3576	49	323
3577	49	116
3578	49	240
3579	49	203
496	49	245
3580	49	288
4654	49	314
4655	49	83
497	49	223
2521	49	9
4656	49	40
4657	49	124
3581	49	363
10	49	229
4658	49	360
3582	49	98
11	49	280
498	42	115
498	49	115
1164	49	102
2522	49	337
1165	49	340
1166	49	335
3583	49	181
2523	49	144
1167	49	57
2524	49	141
3584	49	185
3585	49	65
3586	49	146
499	49	205
2525	49	222
500	49	198
3587	49	102
2526	49	37
2527	49	83
2528	49	239
3588	49	317
3589	49	43
4659	49	272
3590	49	301
4660	49	389
501	49	28
4661	49	395
1168	49	208
2529	49	227
2530	49	253
502	49	151
503	49	341
504	49	397
505	49	326
3591	49	351
2531	49	282
506	49	370
2532	49	254
2533	49	40
2534	49	286
1169	49	356
12	1643	313
12	1644	313
12	49	313
3592	49	48
3593	49	349
4662	49	316
4663	49	389
2535	49	341
4664	49	249
2536	49	279
2537	49	273
2538	49	268
3594	49	357
1170	49	38
2539	49	343
3595	49	54
1171	49	27
4665	49	216
2540	49	168
1172	49	318
2541	49	175
3596	49	135
3597	49	377
1173	49	125
507	49	66
3598	49	269
508	49	263
1174	49	238
2542	49	311
1175	49	37
4666	49	153
4667	49	48
1176	49	272
1177	49	220
1178	49	216
1179	49	3
2543	49	130
1180	49	112
3599	49	208
3600	49	254
3601	49	184
1181	49	22
2544	49	337
1182	49	129
1183	49	188
3602	49	304
509	49	277
2545	49	394
4668	49	155
13	49	201
1184	49	160
2546	49	135
14	49	193
4669	49	363
4670	49	131
4671	49	313
3603	49	7
4672	49	87
2547	49	270
510	49	391
511	49	308
4673	49	246
512	49	364
4674	49	299
2548	49	205
1185	49	152
15	1470	367
15	49	367
4675	49	57
4676	49	189
3604	49	237
513	49	388
1186	49	377
16	49	63
514	49	36
2549	49	65
3605	49	109
2550	49	376
17	49	32
1187	49	39
4677	49	176
515	49	333
1188	49	260
2551	49	366
2552	49	200
4678	49	180
516	49	142
1189	49	81
1190	49	8
1191	49	127
517	49	348
3606	49	275
2553	49	111
18	49	77
2554	49	186
2555	49	74
1192	49	273
2556	49	226
518	49	4
519	49	79
1193	49	108
4679	49	29
4680	49	298
3607	49	241
4681	49	73
3608	49	328
520	49	192
4682	49	94
3609	49	32
2557	49	256
4683	49	368
3610	49	296
2558	49	155
4684	49	300
1194	49	394
4685	49	101
4686	49	304
4687	49	388
4688	49	228
1195	49	24
2559	49	209
1196	49	332
19	49	176
3611	49	323
4689	49	342
2560	49	83
521	49	98
3612	49	192
3613	49	56
3614	49	366
3615	49	187
4690	49	392
20	49	254
3616	49	183
3617	49	200
3618	49	136
4691	49	289
3619	49	82
3620	49	45
3621	49	324
4692	49	253
2561	49	25
2562	49	55
4693	49	53
4694	49	13
21	49	126
4695	49	277
22	49	149
2563	49	89
23	49	28
4696	49	239
4697	49	394
4698	49	161
522	49	256
4699	49	124
4700	49	19
3622	49	219
3623	49	296
3624	49	380
2564	49	80
4701	49	161
1197	49	86
3625	49	36
1198	49	198
3626	49	158
3627	49	396
1199	49	207
2565	49	151
4702	49	364
2566	49	2
3628	49	10
4703	49	346
4704	49	250
4705	49	89
3629	49	135
3630	49	229
4706	49	332
4707	49	289
523	49	297
2567	49	169
2568	49	59
2569	49	74
524	49	236
2570	49	111
2571	49	171
1200	49	28
1201	49	329
1202	49	316
1203	49	313
4708	49	43
1204	49	178
525	49	247
526	49	196
2572	49	253
2573	49	178
24	49	187
4709	49	258
4710	49	177
1205	49	23
3631	49	196
1206	49	72
527	49	153
528	49	220
3632	49	102
1207	49	180
2574	49	56
2575	49	246
4711	49	298
4712	49	51
4713	49	73
4714	49	387
529	49	238
530	49	322
531	49	346
2576	49	64
1208	49	65
532	49	74
1209	49	337
2577	49	392
2578	49	244
4715	49	389
533	49	130
534	49	127
2579	49	328
535	49	196
3633	49	64
3634	49	292
25	49	332
4716	49	197
3635	49	102
3636	49	387
3637	49	133
2580	49	118
26	49	316
2581	49	310
27	49	305
2582	49	162
2583	49	340
2584	49	148
2585	49	378
4717	49	38
4718	49	301
1210	49	144
28	49	313
2586	49	282
4719	49	372
2587	49	315
1211	49	278
4720	49	364
536	49	379
537	49	175
3638	49	302
2588	49	42
2589	49	327
4721	49	6
4722	49	354
3639	49	10
4723	49	325
4724	49	71
4725	49	11
4726	49	149
4727	49	71
538	49	101
29	2987	296
29	4567	296
29	49	296
30	49	94
539	49	173
540	49	78
541	49	294
31	49	154
3640	49	195
3641	49	49
542	49	228
543	49	398
1212	49	186
3642	49	74
3643	49	23
544	49	309
1213	49	207
2590	49	183
2591	49	251
32	49	279
545	49	322
33	49	324
546	49	341
4728	49	147
4729	49	358
4730	49	43
1214	49	390
1215	49	281
2592	49	177
3644	49	79
3645	49	354
4731	49	249
4732	49	66
4733	49	17
4734	49	164
4735	49	243
3646	49	101
3647	49	195
3648	49	77
2593	49	145
547	49	112
4736	49	143
4737	49	103
3649	49	126
34	49	218
548	49	391
549	49	327
550	49	381
551	49	179
552	49	270
1216	49	164
3650	49	57
3651	49	109
1217	49	284
1218	49	96
4738	49	70
3652	49	274
3653	49	66
3654	49	108
553	49	229
3655	49	257
1219	49	16
3656	49	37
3657	49	116
3658	49	35
2594	49	245
3659	49	325
3660	49	333
1220	49	278
3661	49	311
1221	49	200
554	49	163
4739	49	350
555	49	181
4740	49	210
4741	49	18
4742	49	45
4743	49	84
3662	49	257
3663	49	88
3664	49	118
556	49	151
3665	49	182
2595	49	177
3666	49	346
4744	49	193
3667	49	375
2596	49	213
1222	49	87
2597	49	298
2598	49	293
4745	49	137
1223	49	112
1224	49	86
4746	49	116
557	49	296
3668	49	190
3669	49	349
4747	49	237
558	49	139
559	49	366
560	49	53
561	49	34
562	49	9
3670	49	172
563	49	261
4748	49	332
4749	49	15
2599	49	217
1225	49	371
3671	49	42
564	49	393
4750	49	222
4751	49	272
4752	49	144
1226	49	338
3672	49	372
2600	49	296
3673	49	120
35	49	148
4753	49	132
565	49	235
1227	49	336
36	49	263
4754	49	209
2601	49	376
566	49	72
37	49	313
3674	49	41
3675	49	235
3676	49	189
3677	49	99
567	49	78
1228	49	333
1229	49	274
4755	49	85
2602	49	145
3678	49	77
4756	49	178
4757	49	308
3679	49	49
4758	49	132
4759	49	8
1230	49	385
4760	49	181
38	49	180
3680	49	107
3681	49	215
568	49	284
39	49	379
569	49	354
4761	49	160
570	49	123
2603	49	214
571	49	25
3682	49	27
4762	49	272
3683	49	103
4763	49	295
4764	49	179
572	49	319
1231	49	127
2604	49	65
573	49	12
4765	49	156
2605	49	246
574	49	275
40	49	303
41	49	305
1232	49	262
1233	49	368
1234	49	273
42	60	207
42	194	207
42	207	207
42	263	207
42	291	207
42	346	207
42	370	207
42	708	207
42	887	207
42	1305	207
42	1347	207
42	1371	207
42	1506	207
42	2954	207
42	3421	207
42	3714	207
42	49	207
3684	49	106
3685	49	166
4766	49	248
4767	49	207
4768	49	32
3686	49	74
3687	49	183
3688	49	315
4769	49	141
4770	49	397
4771	49	362
4772	49	267
2606	49	31
4773	49	114
4774	49	138
4775	49	310
4776	49	143
4777	49	227
4778	49	44
2607	49	107
2608	49	35
575	49	259
3689	49	1
4779	49	32
3690	49	155
3691	49	153
2609	49	235
1235	49	61
1236	49	293
4780	49	127
2610	49	149
576	49	363
2611	49	343
1237	49	335
2612	49	25
4781	49	194
577	49	110
578	49	64
4782	49	103
4783	49	56
3692	49	133
43	49	56
2613	49	115
44	49	302
1238	49	206
3693	49	46
1239	49	124
1240	49	9
1241	49	381
3694	49	87
4784	49	135
45	49	383
4785	49	97
4786	49	34
4787	49	349
4788	49	142
4789	49	36
4790	49	199
579	49	41
2614	49	310
1242	49	5
4791	49	30
580	49	20
2615	49	259
4792	49	263
3695	49	206
3696	49	101
581	49	286
1243	49	155
582	49	264
583	49	146
46	49	393
3697	49	213
47	49	136
1244	49	209
1245	49	181
48	49	362
1246	49	321
584	49	101
2616	49	303
1247	49	102
49	50	294
49	51	294
49	52	294
49	53	294
49	54	294
49	55	294
49	56	294
49	57	294
49	58	294
49	59	294
49	60	294
49	61	294
49	62	294
49	63	294
49	64	294
49	65	294
49	66	294
49	67	294
49	68	294
49	69	294
49	70	294
49	71	294
49	72	294
49	73	294
49	74	294
49	75	294
49	76	294
49	77	294
49	78	294
49	79	294
49	80	294
49	81	294
49	82	294
49	83	294
49	84	294
49	85	294
49	86	294
49	87	294
49	88	294
49	89	294
49	90	294
49	91	294
49	92	294
49	93	294
49	94	294
49	95	294
49	96	294
49	97	294
49	98	294
49	99	294
49	100	294
49	101	294
49	102	294
49	103	294
49	104	294
49	105	294
49	106	294
49	107	294
49	108	294
49	109	294
49	110	294
49	111	294
49	112	294
49	113	294
49	114	294
49	115	294
49	116	294
49	117	294
49	118	294
49	119	294
49	120	294
49	121	294
49	122	294
49	123	294
49	124	294
49	125	294
49	126	294
49	127	294
49	128	294
49	129	294
49	130	294
49	131	294
49	132	294
49	133	294
49	134	294
49	135	294
49	136	294
49	137	294
49	138	294
49	139	294
49	140	294
49	141	294
49	142	294
49	143	294
49	144	294
49	145	294
49	146	294
49	147	294
49	148	294
49	149	294
49	150	294
49	151	294
49	152	294
49	153	294
49	154	294
49	155	294
49	156	294
49	157	294
49	158	294
49	159	294
49	160	294
49	161	294
49	162	294
49	163	294
49	164	294
49	165	294
49	166	294
49	167	294
49	168	294
49	169	294
49	170	294
49	171	294
49	172	294
49	173	294
49	174	294
49	175	294
49	176	294
49	177	294
49	178	294
49	179	294
49	180	294
49	181	294
49	182	294
49	183	294
49	184	294
49	185	294
49	186	294
49	187	294
49	188	294
49	189	294
49	190	294
49	191	294
49	192	294
49	193	294
49	194	294
49	195	294
49	196	294
49	197	294
49	198	294
49	199	294
49	200	294
49	201	294
49	202	294
49	203	294
49	204	294
49	205	294
49	206	294
49	207	294
49	208	294
49	209	294
49	210	294
49	211	294
49	212	294
49	213	294
49	214	294
49	215	294
49	216	294
49	217	294
49	218	294
49	219	294
49	220	294
49	221	294
49	222	294
49	223	294
49	224	294
49	225	294
49	226	294
49	227	294
49	228	294
49	229	294
49	230	294
49	231	294
49	232	294
49	233	294
49	234	294
49	235	294
49	236	294
49	237	294
49	238	294
49	239	294
49	240	294
49	241	294
49	242	294
49	243	294
49	244	294
49	245	294
49	246	294
49	247	294
49	248	294
49	249	294
49	250	294
49	251	294
49	252	294
49	253	294
49	254	294
49	255	294
49	256	294
49	257	294
49	258	294
49	259	294
49	260	294
49	261	294
49	262	294
49	263	294
49	264	294
49	265	294
49	266	294
49	267	294
49	268	294
49	269	294
49	270	294
49	271	294
49	272	294
49	273	294
49	274	294
49	275	294
49	276	294
49	277	294
49	278	294
49	279	294
49	280	294
49	281	294
49	282	294
49	283	294
49	284	294
49	285	294
49	286	294
49	287	294
49	288	294
49	289	294
49	290	294
49	291	294
49	292	294
49	293	294
49	294	294
49	295	294
49	296	294
49	297	294
49	298	294
49	299	294
49	300	294
49	301	294
49	302	294
49	303	294
49	304	294
49	305	294
49	306	294
49	307	294
49	308	294
49	309	294
49	310	294
49	311	294
49	312	294
49	313	294
49	314	294
49	315	294
49	316	294
49	317	294
49	318	294
49	319	294
49	320	294
49	321	294
49	322	294
49	323	294
49	324	294
49	325	294
49	326	294
49	327	294
49	328	294
49	329	294
49	330	294
49	331	294
49	332	294
49	333	294
49	334	294
49	335	294
49	336	294
49	337	294
49	338	294
49	339	294
49	340	294
49	341	294
49	342	294
49	343	294
49	344	294
49	345	294
49	346	294
49	347	294
49	348	294
49	349	294
49	350	294
49	351	294
49	352	294
49	353	294
49	354	294
49	355	294
49	356	294
49	357	294
49	358	294
49	359	294
49	360	294
49	361	294
49	362	294
49	363	294
49	364	294
49	365	294
49	366	294
49	367	294
49	368	294
49	369	294
49	370	294
49	371	294
49	372	294
49	373	294
49	374	294
49	375	294
49	376	294
49	377	294
49	378	294
49	379	294
49	380	294
49	381	294
49	382	294
49	383	294
49	384	294
49	385	294
49	386	294
49	387	294
49	388	294
49	389	294
49	390	294
49	391	294
49	392	294
49	393	294
49	394	294
49	395	294
49	396	294
49	397	294
49	398	294
49	399	294
49	400	294
49	401	294
49	402	294
49	403	294
49	404	294
49	405	294
49	406	294
49	407	294
49	408	294
49	409	294
49	410	294
49	411	294
49	412	294
49	413	294
49	414	294
49	415	294
49	416	294
49	417	294
49	418	294
49	419	294
49	420	294
49	421	294
49	422	294
49	423	294
49	424	294
49	425	294
49	426	294
49	427	294
49	428	294
49	429	294
49	430	294
49	431	294
49	432	294
49	433	294
49	434	294
49	435	294
49	436	294
49	437	294
49	438	294
49	439	294
49	440	294
49	441	294
49	442	294
49	443	294
49	444	294
49	445	294
49	446	294
49	447	294
49	448	294
49	449	294
49	450	294
49	451	294
49	452	294
49	453	294
49	454	294
49	455	294
49	456	294
49	457	294
49	458	294
49	459	294
49	460	294
49	461	294
49	462	294
49	463	294
49	464	294
49	465	294
49	466	294
49	467	294
49	468	294
49	469	294
49	585	294
49	586	294
49	587	294
49	588	294
49	589	294
49	590	294
49	591	294
49	592	294
49	593	294
49	594	294
49	595	294
49	596	294
49	597	294
49	598	294
49	599	294
49	600	294
49	601	294
49	602	294
49	603	294
49	604	294
49	605	294
49	606	294
49	607	294
49	608	294
49	609	294
49	610	294
49	611	294
49	612	294
49	613	294
49	614	294
49	615	294
49	616	294
49	617	294
49	618	294
49	619	294
49	620	294
49	621	294
49	622	294
49	623	294
49	624	294
49	625	294
49	626	294
49	627	294
49	628	294
49	629	294
49	630	294
49	631	294
49	632	294
49	633	294
49	634	294
49	635	294
49	636	294
49	637	294
49	638	294
49	639	294
49	640	294
49	641	294
49	642	294
49	643	294
49	644	294
49	645	294
49	646	294
49	647	294
49	648	294
49	649	294
49	650	294
49	651	294
49	652	294
49	653	294
49	654	294
49	655	294
49	656	294
49	657	294
49	658	294
49	659	294
49	660	294
49	661	294
49	662	294
49	663	294
49	664	294
49	665	294
49	666	294
49	667	294
49	668	294
49	669	294
49	670	294
49	671	294
49	672	294
49	673	294
49	674	294
49	675	294
49	676	294
49	677	294
49	678	294
49	679	294
49	680	294
49	681	294
49	682	294
49	683	294
49	684	294
49	685	294
49	686	294
49	687	294
49	688	294
49	689	294
49	690	294
49	691	294
49	692	294
49	693	294
49	694	294
49	695	294
49	696	294
49	697	294
49	698	294
49	699	294
49	700	294
49	701	294
49	702	294
49	703	294
49	704	294
49	705	294
49	706	294
49	707	294
49	708	294
49	709	294
49	710	294
49	711	294
49	712	294
49	713	294
49	714	294
49	715	294
49	716	294
49	717	294
49	718	294
49	719	294
49	720	294
49	721	294
49	722	294
49	723	294
49	724	294
49	725	294
49	726	294
49	727	294
49	728	294
49	729	294
49	730	294
49	731	294
49	732	294
49	733	294
49	734	294
49	735	294
49	736	294
49	737	294
49	738	294
49	739	294
49	740	294
49	741	294
49	742	294
49	743	294
49	744	294
49	745	294
49	746	294
49	747	294
49	748	294
49	749	294
49	750	294
49	751	294
49	752	294
49	753	294
49	754	294
49	755	294
49	756	294
49	757	294
49	758	294
49	759	294
49	760	294
49	761	294
49	762	294
49	763	294
49	764	294
49	765	294
49	766	294
49	767	294
49	768	294
49	769	294
49	770	294
49	771	294
49	772	294
49	773	294
49	774	294
49	775	294
49	776	294
49	777	294
49	778	294
49	779	294
49	780	294
49	781	294
49	782	294
49	783	294
49	784	294
49	785	294
49	786	294
49	787	294
49	788	294
49	789	294
49	790	294
49	791	294
49	792	294
49	793	294
49	794	294
49	795	294
49	796	294
49	797	294
49	798	294
49	799	294
49	800	294
49	801	294
49	802	294
49	803	294
49	804	294
49	805	294
49	806	294
49	807	294
49	808	294
49	809	294
49	810	294
49	811	294
49	812	294
49	813	294
49	814	294
49	815	294
49	816	294
49	817	294
49	818	294
49	819	294
49	820	294
49	821	294
49	822	294
49	823	294
49	824	294
49	825	294
49	826	294
49	827	294
49	828	294
49	829	294
49	830	294
49	831	294
49	832	294
49	833	294
49	834	294
49	835	294
49	836	294
49	837	294
49	838	294
49	839	294
49	840	294
49	841	294
49	842	294
49	843	294
49	844	294
49	845	294
49	846	294
49	847	294
49	848	294
49	849	294
49	850	294
49	851	294
49	852	294
49	853	294
49	854	294
49	855	294
49	856	294
49	857	294
49	858	294
49	859	294
49	860	294
49	861	294
49	862	294
49	863	294
49	864	294
49	865	294
49	866	294
49	867	294
49	868	294
49	869	294
49	870	294
49	871	294
49	872	294
49	873	294
49	874	294
49	875	294
49	876	294
49	877	294
49	878	294
49	879	294
49	880	294
49	881	294
49	882	294
49	883	294
49	884	294
49	885	294
49	886	294
49	887	294
49	888	294
49	889	294
49	890	294
49	891	294
49	892	294
49	893	294
49	894	294
49	895	294
49	896	294
49	897	294
49	898	294
49	899	294
49	900	294
49	901	294
49	902	294
49	903	294
49	904	294
49	905	294
49	906	294
49	907	294
49	908	294
49	909	294
49	910	294
49	911	294
49	912	294
49	913	294
49	914	294
49	915	294
49	916	294
49	917	294
49	918	294
49	919	294
49	920	294
49	921	294
49	922	294
49	923	294
49	924	294
49	925	294
49	926	294
49	927	294
49	928	294
49	929	294
49	930	294
49	931	294
49	932	294
49	933	294
49	934	294
49	935	294
49	936	294
49	937	294
49	938	294
49	939	294
49	940	294
49	941	294
49	942	294
49	943	294
49	944	294
49	945	294
49	946	294
49	947	294
49	948	294
49	949	294
49	950	294
49	951	294
49	952	294
49	953	294
49	954	294
49	955	294
49	956	294
49	957	294
49	958	294
49	959	294
49	960	294
49	961	294
49	962	294
49	963	294
49	964	294
49	965	294
49	966	294
49	967	294
49	968	294
49	969	294
49	970	294
49	971	294
49	972	294
49	973	294
49	974	294
49	975	294
49	976	294
49	977	294
49	978	294
49	979	294
49	980	294
49	981	294
49	982	294
49	983	294
49	984	294
49	985	294
49	986	294
49	987	294
49	988	294
49	989	294
49	990	294
49	991	294
49	992	294
49	993	294
49	994	294
49	995	294
49	996	294
49	997	294
49	998	294
49	999	294
49	1000	294
49	1001	294
49	1002	294
49	1003	294
49	1004	294
49	1005	294
49	1006	294
49	1007	294
49	1008	294
49	1009	294
49	1010	294
49	1011	294
49	1012	294
49	1013	294
49	1014	294
49	1015	294
49	1016	294
49	1017	294
49	1018	294
49	1019	294
49	1020	294
49	1021	294
49	1022	294
49	1023	294
49	1024	294
49	1025	294
49	1026	294
49	1027	294
49	1028	294
49	1029	294
49	1030	294
49	1031	294
49	1032	294
49	1033	294
49	1034	294
49	1035	294
49	1036	294
49	1037	294
49	1038	294
49	1039	294
49	1040	294
49	1041	294
49	1042	294
49	1043	294
49	1044	294
49	1045	294
49	1046	294
49	1047	294
49	1048	294
49	1049	294
49	1050	294
49	1051	294
49	1052	294
49	1053	294
49	1054	294
49	1055	294
49	1056	294
49	1057	294
49	1058	294
49	1059	294
49	1060	294
49	1061	294
49	1062	294
49	1063	294
49	1064	294
49	1065	294
49	1066	294
49	1067	294
49	1068	294
49	1069	294
49	1070	294
49	1071	294
49	1072	294
49	1073	294
49	1074	294
49	1075	294
49	1076	294
49	1077	294
49	1078	294
49	1079	294
49	1080	294
49	1081	294
49	1082	294
49	1083	294
49	1084	294
49	1085	294
49	1086	294
49	1087	294
49	1088	294
49	1089	294
49	1090	294
49	1091	294
49	1092	294
49	1093	294
49	1094	294
49	1095	294
49	1096	294
49	1097	294
49	1098	294
49	1099	294
49	1100	294
49	1101	294
49	1102	294
49	1103	294
49	1104	294
49	1105	294
49	1106	294
49	1107	294
49	1108	294
49	1109	294
49	1110	294
49	1111	294
49	1112	294
49	1113	294
49	1114	294
49	1115	294
49	1116	294
49	1117	294
49	1118	294
49	1119	294
49	1120	294
49	1121	294
49	1122	294
49	1123	294
49	1124	294
49	1125	294
49	1126	294
49	1127	294
49	1128	294
49	1248	294
49	1249	294
49	1250	294
49	1251	294
49	1252	294
49	1253	294
49	1254	294
49	1255	294
49	1256	294
49	1257	294
49	1258	294
49	1259	294
49	1260	294
49	1261	294
49	1262	294
49	1263	294
49	1264	294
49	1265	294
49	1266	294
49	1267	294
49	1268	294
49	1269	294
49	1270	294
49	1271	294
49	1272	294
49	1273	294
49	1274	294
49	1275	294
49	1276	294
49	1277	294
49	1278	294
49	1279	294
49	1280	294
49	1281	294
49	1282	294
49	1283	294
49	1284	294
49	1285	294
49	1286	294
49	1287	294
49	1288	294
49	1289	294
49	1290	294
49	1291	294
49	1292	294
49	1293	294
49	1294	294
49	1295	294
49	1296	294
49	1297	294
49	1298	294
49	1299	294
49	1300	294
49	1301	294
49	1302	294
49	1303	294
49	1304	294
49	1305	294
49	1306	294
49	1307	294
49	1308	294
49	1309	294
49	1310	294
49	1311	294
49	1312	294
49	1313	294
49	1314	294
49	1315	294
49	1316	294
49	1317	294
49	1318	294
49	1319	294
49	1320	294
49	1321	294
49	1322	294
49	1323	294
49	1324	294
49	1325	294
49	1326	294
49	1327	294
49	1328	294
49	1329	294
49	1330	294
49	1331	294
49	1332	294
49	1333	294
49	1334	294
49	1335	294
49	1336	294
49	1337	294
49	1338	294
49	1339	294
49	1340	294
49	1341	294
49	1342	294
49	1343	294
49	1344	294
49	1345	294
49	1346	294
49	1347	294
49	1348	294
49	1349	294
49	1350	294
49	1351	294
49	1352	294
49	1353	294
49	1354	294
49	1355	294
49	1356	294
49	1357	294
49	1358	294
49	1359	294
49	1360	294
49	1361	294
49	1362	294
49	1363	294
49	1364	294
49	1365	294
49	1366	294
49	1367	294
49	1368	294
49	1369	294
49	1370	294
49	1371	294
49	1372	294
49	1373	294
49	1374	294
49	1375	294
49	1376	294
49	1377	294
49	1378	294
49	1379	294
49	1380	294
49	1381	294
49	1382	294
49	1383	294
49	1384	294
49	1385	294
49	1386	294
49	1387	294
49	1388	294
49	1389	294
49	1390	294
49	1391	294
49	1392	294
49	1393	294
49	1394	294
49	1395	294
49	1396	294
49	1397	294
49	1398	294
49	1399	294
49	1400	294
49	1401	294
49	1402	294
49	1403	294
49	1404	294
49	1405	294
49	1406	294
49	1407	294
49	1408	294
49	1409	294
49	1410	294
49	1411	294
49	1412	294
49	1413	294
49	1414	294
49	1415	294
49	1416	294
49	1417	294
49	1418	294
49	1419	294
49	1420	294
49	1421	294
49	1422	294
49	1423	294
49	1424	294
49	1425	294
49	1426	294
49	1427	294
49	1428	294
49	1429	294
49	1430	294
49	1431	294
49	1432	294
49	1433	294
49	1434	294
49	1435	294
49	1436	294
49	1437	294
49	1438	294
49	1439	294
49	1440	294
49	1441	294
49	1442	294
49	1443	294
49	1444	294
49	1445	294
49	1446	294
49	1447	294
49	1448	294
49	1449	294
49	1450	294
49	1451	294
49	1452	294
49	1453	294
49	1454	294
49	1455	294
49	1456	294
49	1457	294
49	1458	294
49	1459	294
49	1460	294
49	1461	294
49	1462	294
49	1463	294
49	1464	294
49	1465	294
49	1466	294
49	1467	294
49	1468	294
49	1469	294
49	1470	294
49	1471	294
49	1472	294
49	1473	294
49	1474	294
49	1475	294
49	1476	294
49	1477	294
49	1478	294
49	1479	294
49	1480	294
49	1481	294
49	1482	294
49	1483	294
49	1484	294
49	1485	294
49	1486	294
49	1487	294
49	1488	294
49	1489	294
49	1490	294
49	1491	294
49	1492	294
49	1493	294
49	1494	294
49	1495	294
49	1496	294
49	1497	294
49	1498	294
49	1499	294
49	1500	294
49	1501	294
49	1502	294
49	1503	294
49	1504	294
49	1505	294
49	1506	294
49	1507	294
49	1508	294
49	1509	294
49	1510	294
49	1511	294
49	1512	294
49	1513	294
49	1514	294
49	1515	294
49	1516	294
49	1517	294
49	1518	294
49	1519	294
49	1520	294
49	1521	294
49	1522	294
49	1523	294
49	1524	294
49	1525	294
49	1526	294
49	1527	294
49	1528	294
49	1529	294
49	1530	294
49	1531	294
49	1532	294
49	1533	294
49	1534	294
49	1535	294
49	1536	294
49	1537	294
49	1538	294
49	1539	294
49	1540	294
49	1541	294
49	1542	294
49	1543	294
49	1544	294
49	1545	294
49	1546	294
49	1547	294
49	1548	294
49	1549	294
49	1550	294
49	1551	294
49	1552	294
49	1553	294
49	1554	294
49	1555	294
49	1556	294
49	1557	294
49	1558	294
49	1559	294
49	1560	294
49	1561	294
49	1562	294
49	1563	294
49	1564	294
49	1565	294
49	1566	294
49	1567	294
49	1568	294
49	1569	294
49	1570	294
49	1571	294
49	1572	294
49	1573	294
49	1574	294
49	1575	294
49	1576	294
49	1577	294
49	1578	294
49	1579	294
49	1580	294
49	1581	294
49	1582	294
49	1583	294
49	1584	294
49	1585	294
49	1586	294
49	1587	294
49	1588	294
49	1589	294
49	1590	294
49	1591	294
49	1592	294
49	1593	294
49	1594	294
49	1595	294
49	1596	294
49	1597	294
49	1598	294
49	1599	294
49	1600	294
49	1601	294
49	1602	294
49	1603	294
49	1604	294
49	1605	294
49	1606	294
49	1607	294
49	1608	294
49	1609	294
49	1610	294
49	1611	294
49	1612	294
49	1613	294
49	1614	294
49	1615	294
49	1616	294
49	1617	294
49	1618	294
49	1619	294
49	1620	294
49	1621	294
49	1622	294
49	1623	294
49	1624	294
49	1625	294
49	1626	294
49	1627	294
49	1628	294
49	1629	294
49	1630	294
49	1631	294
49	1632	294
49	1633	294
49	1634	294
49	1635	294
49	1636	294
49	1637	294
49	1638	294
49	1639	294
49	1640	294
49	1641	294
49	1642	294
49	1643	294
49	1644	294
49	1645	294
49	1646	294
49	1647	294
49	1648	294
49	1649	294
49	1650	294
49	1651	294
49	1652	294
49	1653	294
49	1654	294
49	1655	294
49	1656	294
49	1657	294
49	1658	294
49	1659	294
49	1660	294
49	1661	294
49	1662	294
49	1663	294
49	1664	294
49	1665	294
49	1666	294
49	1667	294
49	1668	294
49	1669	294
49	1670	294
49	1671	294
49	1672	294
49	1673	294
49	1674	294
49	1675	294
49	1676	294
49	1677	294
49	1678	294
49	1679	294
49	1680	294
49	1681	294
49	1682	294
49	1683	294
49	1684	294
49	1685	294
49	1686	294
49	1687	294
49	1688	294
49	1689	294
49	1690	294
49	1691	294
49	1692	294
49	1693	294
49	1694	294
49	1695	294
49	1696	294
49	1697	294
49	1698	294
49	1699	294
49	1700	294
49	1701	294
49	1702	294
49	1703	294
49	1704	294
49	1705	294
49	1706	294
49	1707	294
49	1708	294
49	1709	294
49	1710	294
49	1711	294
49	1712	294
49	1713	294
49	1714	294
49	1715	294
49	1716	294
49	1717	294
49	1718	294
49	1719	294
49	1720	294
49	1721	294
49	1722	294
49	1723	294
49	1724	294
49	1725	294
49	1726	294
49	1727	294
49	1728	294
49	1729	294
49	1730	294
49	1731	294
49	1732	294
49	1733	294
49	1734	294
49	1735	294
49	1736	294
49	1737	294
49	1738	294
49	1739	294
49	1740	294
49	1741	294
49	1742	294
49	1743	294
49	1744	294
49	1745	294
49	1746	294
49	1747	294
49	1748	294
49	1749	294
49	1750	294
49	1751	294
49	1752	294
49	1753	294
49	1754	294
49	1755	294
49	1756	294
49	1757	294
49	1758	294
49	1759	294
49	1760	294
49	1761	294
49	1762	294
49	1763	294
49	1764	294
49	1765	294
49	1766	294
49	1767	294
49	1768	294
49	1769	294
49	1770	294
49	1771	294
49	1772	294
49	1773	294
49	1774	294
49	1775	294
49	1776	294
49	1777	294
49	1778	294
49	1779	294
49	1780	294
49	1781	294
49	1782	294
49	1783	294
49	1784	294
49	1785	294
49	1786	294
49	1787	294
49	1788	294
49	1789	294
49	1790	294
49	1791	294
49	1792	294
49	1793	294
49	1794	294
49	1795	294
49	1796	294
49	1797	294
49	1798	294
49	1799	294
49	1800	294
49	1801	294
49	1802	294
49	1803	294
49	1804	294
49	1805	294
49	1806	294
49	1807	294
49	1808	294
49	1809	294
49	1810	294
49	1811	294
49	1812	294
49	1813	294
49	1814	294
49	1815	294
49	1816	294
49	1817	294
49	1818	294
49	1819	294
49	1820	294
49	1821	294
49	1822	294
49	1823	294
49	1824	294
49	1825	294
49	1826	294
49	1827	294
49	1828	294
49	1829	294
49	1830	294
49	1831	294
49	1832	294
49	1833	294
49	1834	294
49	1835	294
49	1836	294
49	1837	294
49	1838	294
49	1839	294
49	1840	294
49	1841	294
49	1842	294
49	1843	294
49	1844	294
49	1845	294
49	1846	294
49	1847	294
49	1848	294
49	1849	294
49	1850	294
49	1851	294
49	1852	294
49	1853	294
49	1854	294
49	1855	294
49	1856	294
49	1857	294
49	1858	294
49	1859	294
49	1860	294
49	1861	294
49	1862	294
49	1863	294
49	1864	294
49	1865	294
49	1866	294
49	1867	294
49	1868	294
49	1869	294
49	1870	294
49	1871	294
49	1872	294
49	1873	294
49	1874	294
49	1875	294
49	1876	294
49	1877	294
49	1878	294
49	1879	294
49	1880	294
49	1881	294
49	1882	294
49	1883	294
49	1884	294
49	1885	294
49	1886	294
49	1887	294
49	1888	294
49	1889	294
49	1890	294
49	1891	294
49	1892	294
49	1893	294
49	1894	294
49	1895	294
49	1896	294
49	1897	294
49	1898	294
49	1899	294
49	1900	294
49	1901	294
49	1902	294
49	1903	294
49	1904	294
49	1905	294
49	1906	294
49	1907	294
49	1908	294
49	1909	294
49	1910	294
49	1911	294
49	1912	294
49	1913	294
49	1914	294
49	1915	294
49	1916	294
49	1917	294
49	1918	294
49	1919	294
49	1920	294
49	1921	294
49	1922	294
49	1923	294
49	1924	294
49	1925	294
49	1926	294
49	1927	294
49	1928	294
49	1929	294
49	1930	294
49	1931	294
49	1932	294
49	1933	294
49	1934	294
49	1935	294
49	1936	294
49	1937	294
49	1938	294
49	1939	294
49	1940	294
49	1941	294
49	1942	294
49	1943	294
49	1944	294
49	1945	294
49	1946	294
49	1947	294
49	1948	294
49	1949	294
49	1950	294
49	1951	294
49	1952	294
49	1953	294
49	1954	294
49	1955	294
49	1956	294
49	1957	294
49	1958	294
49	1959	294
49	1960	294
49	1961	294
49	1962	294
49	1963	294
49	1964	294
49	1965	294
49	1966	294
49	1967	294
49	1968	294
49	1969	294
49	1970	294
49	1971	294
49	1972	294
49	1973	294
49	1974	294
49	1975	294
49	1976	294
49	1977	294
49	1978	294
49	1979	294
49	1980	294
49	1981	294
49	1982	294
49	1983	294
49	1984	294
49	1985	294
49	1986	294
49	1987	294
49	1988	294
49	1989	294
49	1990	294
49	1991	294
49	1992	294
49	1993	294
49	1994	294
49	1995	294
49	1996	294
49	1997	294
49	1998	294
49	1999	294
49	2000	294
49	2001	294
49	2002	294
49	2003	294
49	2004	294
49	2005	294
49	2006	294
49	2007	294
49	2008	294
49	2009	294
49	2010	294
49	2011	294
49	2012	294
49	2013	294
49	2014	294
49	2015	294
49	2016	294
49	2017	294
49	2018	294
49	2019	294
49	2020	294
49	2021	294
49	2022	294
49	2023	294
49	2024	294
49	2025	294
49	2026	294
49	2027	294
49	2028	294
49	2029	294
49	2030	294
49	2031	294
49	2032	294
49	2033	294
49	2034	294
49	2035	294
49	2036	294
49	2037	294
49	2038	294
49	2039	294
49	2040	294
49	2041	294
49	2042	294
49	2043	294
49	2044	294
49	2045	294
49	2046	294
49	2047	294
49	2048	294
49	2049	294
49	2050	294
49	2051	294
49	2052	294
49	2053	294
49	2054	294
49	2055	294
49	2056	294
49	2057	294
49	2058	294
49	2059	294
49	2060	294
49	2061	294
49	2062	294
49	2063	294
49	2064	294
49	2065	294
49	2066	294
49	2067	294
49	2068	294
49	2069	294
49	2070	294
49	2071	294
49	2072	294
49	2073	294
49	2074	294
49	2075	294
49	2076	294
49	2077	294
49	2078	294
49	2079	294
49	2080	294
49	2081	294
49	2082	294
49	2083	294
49	2084	294
49	2085	294
49	2086	294
49	2087	294
49	2088	294
49	2089	294
49	2090	294
49	2091	294
49	2092	294
49	2093	294
49	2094	294
49	2095	294
49	2096	294
49	2097	294
49	2098	294
49	2099	294
49	2100	294
49	2101	294
49	2102	294
49	2103	294
49	2104	294
49	2105	294
49	2106	294
49	2107	294
49	2108	294
49	2109	294
49	2110	294
49	2111	294
49	2112	294
49	2113	294
49	2114	294
49	2115	294
49	2116	294
49	2117	294
49	2118	294
49	2119	294
49	2120	294
49	2121	294
49	2122	294
49	2123	294
49	2124	294
49	2125	294
49	2126	294
49	2127	294
49	2128	294
49	2129	294
49	2130	294
49	2131	294
49	2132	294
49	2133	294
49	2134	294
49	2135	294
49	2136	294
49	2137	294
49	2138	294
49	2139	294
49	2140	294
49	2141	294
49	2142	294
49	2143	294
49	2144	294
49	2145	294
49	2146	294
49	2147	294
49	2148	294
49	2149	294
49	2150	294
49	2151	294
49	2152	294
49	2153	294
49	2154	294
49	2155	294
49	2156	294
49	2157	294
49	2158	294
49	2159	294
49	2160	294
49	2161	294
49	2162	294
49	2163	294
49	2164	294
49	2165	294
49	2166	294
49	2167	294
49	2168	294
49	2169	294
49	2170	294
49	2171	294
49	2172	294
49	2173	294
49	2174	294
49	2175	294
49	2176	294
49	2177	294
49	2178	294
49	2179	294
49	2180	294
49	2181	294
49	2182	294
49	2183	294
49	2184	294
49	2185	294
49	2186	294
49	2187	294
49	2188	294
49	2189	294
49	2190	294
49	2191	294
49	2192	294
49	2193	294
49	2194	294
49	2195	294
49	2196	294
49	2197	294
49	2198	294
49	2199	294
49	2200	294
49	2201	294
49	2202	294
49	2203	294
49	2204	294
49	2205	294
49	2206	294
49	2207	294
49	2208	294
49	2209	294
49	2210	294
49	2211	294
49	2212	294
49	2213	294
49	2214	294
49	2215	294
49	2216	294
49	2217	294
49	2218	294
49	2219	294
49	2220	294
49	2221	294
49	2222	294
49	2223	294
49	2224	294
49	2225	294
49	2226	294
49	2227	294
49	2228	294
49	2229	294
49	2230	294
49	2231	294
49	2232	294
49	2233	294
49	2234	294
49	2235	294
49	2236	294
49	2237	294
49	2238	294
49	2239	294
49	2240	294
49	2241	294
49	2242	294
49	2243	294
49	2244	294
49	2245	294
49	2246	294
49	2247	294
49	2248	294
49	2249	294
49	2250	294
49	2251	294
49	2252	294
49	2253	294
49	2254	294
49	2255	294
49	2256	294
49	2257	294
49	2258	294
49	2259	294
49	2260	294
49	2261	294
49	2262	294
49	2263	294
49	2264	294
49	2265	294
49	2266	294
49	2267	294
49	2268	294
49	2269	294
49	2270	294
49	2271	294
49	2272	294
49	2273	294
49	2274	294
49	2275	294
49	2276	294
49	2277	294
49	2278	294
49	2279	294
49	2280	294
49	2281	294
49	2282	294
49	2283	294
49	2284	294
49	2285	294
49	2286	294
49	2287	294
49	2288	294
49	2289	294
49	2290	294
49	2291	294
49	2292	294
49	2293	294
49	2294	294
49	2295	294
49	2296	294
49	2297	294
49	2298	294
49	2299	294
49	2300	294
49	2301	294
49	2302	294
49	2303	294
49	2304	294
49	2305	294
49	2306	294
49	2307	294
49	2308	294
49	2309	294
49	2310	294
49	2311	294
49	2312	294
49	2313	294
49	2314	294
49	2315	294
49	2316	294
49	2317	294
49	2318	294
49	2319	294
49	2320	294
49	2321	294
49	2322	294
49	2323	294
49	2324	294
49	2325	294
49	2326	294
49	2327	294
49	2328	294
49	2329	294
49	2330	294
49	2331	294
49	2332	294
49	2333	294
49	2334	294
49	2335	294
49	2336	294
49	2337	294
49	2338	294
49	2339	294
49	2340	294
49	2341	294
49	2342	294
49	2343	294
49	2344	294
49	2345	294
49	2346	294
49	2347	294
49	2348	294
49	2349	294
49	2350	294
49	2351	294
49	2352	294
49	2353	294
49	2354	294
49	2355	294
49	2356	294
49	2357	294
49	2358	294
49	2359	294
49	2360	294
49	2361	294
49	2362	294
49	2363	294
49	2364	294
49	2365	294
49	2366	294
49	2367	294
49	2368	294
49	2369	294
49	2370	294
49	2371	294
49	2372	294
49	2373	294
49	2374	294
49	2375	294
49	2376	294
49	2377	294
49	2378	294
49	2379	294
49	2380	294
49	2381	294
49	2382	294
49	2383	294
49	2384	294
49	2385	294
49	2386	294
49	2387	294
49	2388	294
49	2389	294
49	2390	294
49	2391	294
49	2392	294
49	2393	294
49	2394	294
49	2395	294
49	2396	294
49	2397	294
49	2398	294
49	2399	294
49	2400	294
49	2401	294
49	2402	294
49	2403	294
49	2404	294
49	2405	294
49	2406	294
49	2407	294
49	2408	294
49	2409	294
49	2410	294
49	2411	294
49	2412	294
49	2413	294
49	2414	294
49	2415	294
49	2416	294
49	2417	294
49	2418	294
49	2419	294
49	2420	294
49	2421	294
49	2422	294
49	2423	294
49	2424	294
49	2425	294
49	2426	294
49	2427	294
49	2428	294
49	2429	294
49	2430	294
49	2431	294
49	2432	294
49	2433	294
49	2434	294
49	2435	294
49	2436	294
49	2437	294
49	2438	294
49	2439	294
49	2440	294
49	2441	294
49	2442	294
49	2443	294
49	2444	294
49	2445	294
49	2446	294
49	2447	294
49	2448	294
49	2449	294
49	2450	294
49	2451	294
49	2452	294
49	2453	294
49	2454	294
49	2455	294
49	2456	294
49	2457	294
49	2458	294
49	2459	294
49	2460	294
49	2461	294
49	2462	294
49	2463	294
49	2464	294
49	2465	294
49	2466	294
49	2467	294
49	2617	294
49	2618	294
49	2619	294
49	2620	294
49	2621	294
49	2622	294
49	2623	294
49	2624	294
49	2625	294
49	2626	294
49	2627	294
49	2628	294
49	2629	294
49	2630	294
49	2631	294
49	2632	294
49	2633	294
49	2634	294
49	2635	294
49	2636	294
49	2637	294
49	2638	294
49	2639	294
49	2640	294
49	2641	294
49	2642	294
49	2643	294
49	2644	294
49	2645	294
49	2646	294
49	2647	294
49	2648	294
49	2649	294
49	2650	294
49	2651	294
49	2652	294
49	2653	294
49	2654	294
49	2655	294
49	2656	294
49	2657	294
49	2658	294
49	2659	294
49	2660	294
49	2661	294
49	2662	294
49	2663	294
49	2664	294
49	2665	294
49	2666	294
49	2667	294
49	2668	294
49	2669	294
49	2670	294
49	2671	294
49	2672	294
49	2673	294
49	2674	294
49	2675	294
49	2676	294
49	2677	294
49	2678	294
49	2679	294
49	2680	294
49	2681	294
49	2682	294
49	2683	294
49	2684	294
49	2685	294
49	2686	294
49	2687	294
49	2688	294
49	2689	294
49	2690	294
49	2691	294
49	2692	294
49	2693	294
49	2694	294
49	2695	294
49	2696	294
49	2697	294
49	2698	294
49	2699	294
49	2700	294
49	2701	294
49	2702	294
49	2703	294
49	2704	294
49	2705	294
49	2706	294
49	2707	294
49	2708	294
49	2709	294
49	2710	294
49	2711	294
49	2712	294
49	2713	294
49	2714	294
49	2715	294
49	2716	294
49	2717	294
49	2718	294
49	2719	294
49	2720	294
49	2721	294
49	2722	294
49	2723	294
49	2724	294
49	2725	294
49	2726	294
49	2727	294
49	2728	294
49	2729	294
49	2730	294
49	2731	294
49	2732	294
49	2733	294
49	2734	294
49	2735	294
49	2736	294
49	2737	294
49	2738	294
49	2739	294
49	2740	294
49	2741	294
49	2742	294
49	2743	294
49	2744	294
49	2745	294
49	2746	294
49	2747	294
49	2748	294
49	2749	294
49	2750	294
49	2751	294
49	2752	294
49	2753	294
49	2754	294
49	2755	294
49	2756	294
49	2757	294
49	2758	294
49	2759	294
49	2760	294
49	2761	294
49	2762	294
49	2763	294
49	2764	294
49	2765	294
49	2766	294
49	2767	294
49	2768	294
49	2769	294
49	2770	294
49	2771	294
49	2772	294
49	2773	294
49	2774	294
49	2775	294
49	2776	294
49	2777	294
49	2778	294
49	2779	294
49	2780	294
49	2781	294
49	2782	294
49	2783	294
49	2784	294
49	2785	294
49	2786	294
49	2787	294
49	2788	294
49	2789	294
49	2790	294
49	2791	294
49	2792	294
49	2793	294
49	2794	294
49	2795	294
49	2796	294
49	2797	294
49	2798	294
49	2799	294
49	2800	294
49	2801	294
49	2802	294
49	2803	294
49	2804	294
49	2805	294
49	2806	294
49	2807	294
49	2808	294
49	2809	294
49	2810	294
49	2811	294
49	2812	294
49	2813	294
49	2814	294
49	2815	294
49	2816	294
49	2817	294
49	2818	294
49	2819	294
49	2820	294
49	2821	294
49	2822	294
49	2823	294
49	2824	294
49	2825	294
49	2826	294
49	2827	294
49	2828	294
49	2829	294
49	2830	294
49	2831	294
49	2832	294
49	2833	294
49	2834	294
49	2835	294
49	2836	294
49	2837	294
49	2838	294
49	2839	294
49	2840	294
49	2841	294
49	2842	294
49	2843	294
49	2844	294
49	2845	294
49	2846	294
49	2847	294
49	2848	294
49	2849	294
49	2850	294
49	2851	294
49	2852	294
49	2853	294
49	2854	294
49	2855	294
49	2856	294
49	2857	294
49	2858	294
49	2859	294
49	2860	294
49	2861	294
49	2862	294
49	2863	294
49	2864	294
49	2865	294
49	2866	294
49	2867	294
49	2868	294
49	2869	294
49	2870	294
49	2871	294
49	2872	294
49	2873	294
49	2874	294
49	2875	294
49	2876	294
49	2877	294
49	2878	294
49	2879	294
49	2880	294
49	2881	294
49	2882	294
49	2883	294
49	2884	294
49	2885	294
49	2886	294
49	2887	294
49	2888	294
49	2889	294
49	2890	294
49	2891	294
49	2892	294
49	2893	294
49	2894	294
49	2895	294
49	2896	294
49	2897	294
49	2898	294
49	2899	294
49	2900	294
49	2901	294
49	2902	294
49	2903	294
49	2904	294
49	2905	294
49	2906	294
49	2907	294
49	2908	294
49	2909	294
49	2910	294
49	2911	294
49	2912	294
49	2913	294
49	2914	294
49	2915	294
49	2916	294
49	2917	294
49	2918	294
49	2919	294
49	2920	294
49	2921	294
49	2922	294
49	2923	294
49	2924	294
49	2925	294
49	2926	294
49	2927	294
49	2928	294
49	2929	294
49	2930	294
49	2931	294
49	2932	294
49	2933	294
49	2934	294
49	2935	294
49	2936	294
49	2937	294
49	2938	294
49	2939	294
49	2940	294
49	2941	294
49	2942	294
49	2943	294
49	2944	294
49	2945	294
49	2946	294
49	2947	294
49	2948	294
49	2949	294
49	2950	294
49	2951	294
49	2952	294
49	2953	294
49	2954	294
49	2955	294
49	2956	294
49	2957	294
49	2958	294
49	2959	294
49	2960	294
49	2961	294
49	2962	294
49	2963	294
49	2964	294
49	2965	294
49	2966	294
49	2967	294
49	2968	294
49	2969	294
49	2970	294
49	2971	294
49	2972	294
49	2973	294
49	2974	294
49	2975	294
49	2976	294
49	2977	294
49	2978	294
49	2979	294
49	2980	294
49	2981	294
49	2982	294
49	2983	294
49	2984	294
49	2985	294
49	2986	294
49	2987	294
49	2988	294
49	2989	294
49	2990	294
49	2991	294
49	2992	294
49	2993	294
49	2994	294
49	2995	294
49	2996	294
49	2997	294
49	2998	294
49	2999	294
49	3000	294
49	3001	294
49	3002	294
49	3003	294
49	3004	294
49	3005	294
49	3006	294
49	3007	294
49	3008	294
49	3009	294
49	3010	294
49	3011	294
49	3012	294
49	3013	294
49	3014	294
49	3015	294
49	3016	294
49	3017	294
49	3018	294
49	3019	294
49	3020	294
49	3021	294
49	3022	294
49	3023	294
49	3024	294
49	3025	294
49	3026	294
49	3027	294
49	3028	294
49	3029	294
49	3030	294
49	3031	294
49	3032	294
49	3033	294
49	3034	294
49	3035	294
49	3036	294
49	3037	294
49	3038	294
49	3039	294
49	3040	294
49	3041	294
49	3042	294
49	3043	294
49	3044	294
49	3045	294
49	3046	294
49	3047	294
49	3048	294
49	3049	294
49	3050	294
49	3051	294
49	3052	294
49	3053	294
49	3054	294
49	3055	294
49	3056	294
49	3057	294
49	3058	294
49	3059	294
49	3060	294
49	3061	294
49	3062	294
49	3063	294
49	3064	294
49	3065	294
49	3066	294
49	3067	294
49	3068	294
49	3069	294
49	3070	294
49	3071	294
49	3072	294
49	3073	294
49	3074	294
49	3075	294
49	3076	294
49	3077	294
49	3078	294
49	3079	294
49	3080	294
49	3081	294
49	3082	294
49	3083	294
49	3084	294
49	3085	294
49	3086	294
49	3087	294
49	3088	294
49	3089	294
49	3090	294
49	3091	294
49	3092	294
49	3093	294
49	3094	294
49	3095	294
49	3096	294
49	3097	294
49	3098	294
49	3099	294
49	3100	294
49	3101	294
49	3102	294
49	3103	294
49	3104	294
49	3105	294
49	3106	294
49	3107	294
49	3108	294
49	3109	294
49	3110	294
49	3111	294
49	3112	294
49	3113	294
49	3114	294
49	3115	294
49	3116	294
49	3117	294
49	3118	294
49	3119	294
49	3120	294
49	3121	294
49	3122	294
49	3123	294
49	3124	294
49	3125	294
49	3126	294
49	3127	294
49	3128	294
49	3129	294
49	3130	294
49	3131	294
49	3132	294
49	3133	294
49	3134	294
49	3135	294
49	3136	294
49	3137	294
49	3138	294
49	3139	294
49	3140	294
49	3141	294
49	3142	294
49	3143	294
49	3144	294
49	3145	294
49	3146	294
49	3147	294
49	3148	294
49	3149	294
49	3150	294
49	3151	294
49	3152	294
49	3153	294
49	3154	294
49	3155	294
49	3156	294
49	3157	294
49	3158	294
49	3159	294
49	3160	294
49	3161	294
49	3162	294
49	3163	294
49	3164	294
49	3165	294
49	3166	294
49	3167	294
49	3168	294
49	3169	294
49	3170	294
49	3171	294
49	3172	294
49	3173	294
49	3174	294
49	3175	294
49	3176	294
49	3177	294
49	3178	294
49	3179	294
49	3180	294
49	3181	294
49	3182	294
49	3183	294
49	3184	294
49	3185	294
49	3186	294
49	3187	294
49	3188	294
49	3189	294
49	3190	294
49	3191	294
49	3192	294
49	3193	294
49	3194	294
49	3195	294
49	3196	294
49	3197	294
49	3198	294
49	3199	294
49	3200	294
49	3201	294
49	3202	294
49	3203	294
49	3204	294
49	3205	294
49	3206	294
49	3207	294
49	3208	294
49	3209	294
49	3210	294
49	3211	294
49	3212	294
49	3213	294
49	3214	294
49	3215	294
49	3216	294
49	3217	294
49	3218	294
49	3219	294
49	3220	294
49	3221	294
49	3222	294
49	3223	294
49	3224	294
49	3225	294
49	3226	294
49	3227	294
49	3228	294
49	3229	294
49	3230	294
49	3231	294
49	3232	294
49	3233	294
49	3234	294
49	3235	294
49	3236	294
49	3237	294
49	3238	294
49	3239	294
49	3240	294
49	3241	294
49	3242	294
49	3243	294
49	3244	294
49	3245	294
49	3246	294
49	3247	294
49	3248	294
49	3249	294
49	3250	294
49	3251	294
49	3252	294
49	3253	294
49	3254	294
49	3255	294
49	3256	294
49	3257	294
49	3258	294
49	3259	294
49	3260	294
49	3261	294
49	3262	294
49	3263	294
49	3264	294
49	3265	294
49	3266	294
49	3267	294
49	3268	294
49	3269	294
49	3270	294
49	3271	294
49	3272	294
49	3273	294
49	3274	294
49	3275	294
49	3276	294
49	3277	294
49	3278	294
49	3279	294
49	3280	294
49	3281	294
49	3282	294
49	3283	294
49	3284	294
49	3285	294
49	3286	294
49	3287	294
49	3288	294
49	3289	294
49	3290	294
49	3291	294
49	3292	294
49	3293	294
49	3294	294
49	3295	294
49	3296	294
49	3297	294
49	3298	294
49	3299	294
49	3300	294
49	3301	294
49	3302	294
49	3303	294
49	3304	294
49	3305	294
49	3306	294
49	3307	294
49	3308	294
49	3309	294
49	3310	294
49	3311	294
49	3312	294
49	3313	294
49	3314	294
49	3315	294
49	3316	294
49	3317	294
49	3318	294
49	3319	294
49	3320	294
49	3321	294
49	3322	294
49	3323	294
49	3324	294
49	3325	294
49	3326	294
49	3327	294
49	3328	294
49	3329	294
49	3330	294
49	3331	294
49	3332	294
49	3333	294
49	3334	294
49	3335	294
49	3336	294
49	3337	294
49	3338	294
49	3339	294
49	3340	294
49	3341	294
49	3342	294
49	3343	294
49	3344	294
49	3345	294
49	3346	294
49	3347	294
49	3348	294
49	3349	294
49	3350	294
49	3351	294
49	3352	294
49	3353	294
49	3354	294
49	3355	294
49	3356	294
49	3357	294
49	3358	294
49	3359	294
49	3360	294
49	3361	294
49	3362	294
49	3363	294
49	3364	294
49	3365	294
49	3366	294
49	3367	294
49	3368	294
49	3369	294
49	3370	294
49	3371	294
49	3372	294
49	3373	294
49	3374	294
49	3375	294
49	3376	294
49	3377	294
49	3378	294
49	3379	294
49	3380	294
49	3381	294
49	3382	294
49	3383	294
49	3384	294
49	3385	294
49	3386	294
49	3387	294
49	3388	294
49	3389	294
49	3390	294
49	3391	294
49	3392	294
49	3393	294
49	3394	294
49	3395	294
49	3396	294
49	3397	294
49	3398	294
49	3399	294
49	3400	294
49	3401	294
49	3402	294
49	3403	294
49	3404	294
49	3405	294
49	3406	294
49	3407	294
49	3408	294
49	3409	294
49	3410	294
49	3411	294
49	3412	294
49	3413	294
49	3414	294
49	3415	294
49	3416	294
49	3417	294
49	3418	294
49	3419	294
49	3420	294
49	3421	294
49	3422	294
49	3423	294
49	3424	294
49	3425	294
49	3426	294
49	3427	294
49	3428	294
49	3429	294
49	3430	294
49	3431	294
49	3432	294
49	3433	294
49	3434	294
49	3435	294
49	3436	294
49	3437	294
49	3438	294
49	3439	294
49	3440	294
49	3441	294
49	3442	294
49	3443	294
49	3444	294
49	3445	294
49	3446	294
49	3447	294
49	3448	294
49	3449	294
49	3450	294
49	3451	294
49	3452	294
49	3453	294
49	3454	294
49	3455	294
49	3456	294
49	3457	294
49	3458	294
49	3459	294
49	3460	294
49	3461	294
49	3462	294
49	3463	294
49	3464	294
49	3465	294
49	3466	294
49	3467	294
49	3468	294
49	3469	294
49	3470	294
49	3471	294
49	3472	294
49	3473	294
49	3474	294
49	3475	294
49	3476	294
49	3477	294
49	3478	294
49	3479	294
49	3480	294
49	3481	294
49	3482	294
49	3483	294
49	3484	294
49	3485	294
49	3486	294
49	3487	294
49	3488	294
49	3489	294
49	3490	294
49	3491	294
49	3492	294
49	3493	294
49	3494	294
49	3495	294
49	3496	294
49	3497	294
49	3498	294
49	3499	294
49	3500	294
49	3501	294
49	3502	294
49	3503	294
49	3504	294
49	3505	294
49	3506	294
49	3507	294
49	3508	294
49	3509	294
49	3510	294
49	3511	294
49	3512	294
49	3513	294
49	3514	294
49	3515	294
49	3516	294
49	3517	294
49	3518	294
49	3519	294
49	3520	294
49	3521	294
49	3522	294
49	3698	294
49	3699	294
49	3700	294
49	3701	294
49	3702	294
49	3703	294
49	3704	294
49	3705	294
49	3706	294
49	3707	294
49	3708	294
49	3709	294
49	3710	294
49	3711	294
49	3712	294
49	3713	294
49	3714	294
49	3715	294
49	3716	294
49	3717	294
49	3718	294
49	3719	294
49	3720	294
49	3721	294
49	3722	294
49	3723	294
49	3724	294
49	3725	294
49	3726	294
49	3727	294
49	3728	294
49	3729	294
49	3730	294
49	3731	294
49	3732	294
49	3733	294
49	3734	294
49	3735	294
49	3736	294
49	3737	294
49	3738	294
49	3739	294
49	3740	294
49	3741	294
49	3742	294
49	3743	294
49	3744	294
49	3745	294
49	3746	294
49	3747	294
49	3748	294
49	3749	294
49	3750	294
49	3751	294
49	3752	294
49	3753	294
49	3754	294
49	3755	294
49	3756	294
49	3757	294
49	3758	294
49	3759	294
49	3760	294
49	3761	294
49	3762	294
49	3763	294
49	3764	294
49	3765	294
49	3766	294
49	3767	294
49	3768	294
49	3769	294
49	3770	294
49	3771	294
49	3772	294
49	3773	294
49	3774	294
49	3775	294
49	3776	294
49	3777	294
49	3778	294
49	3779	294
49	3780	294
49	3781	294
49	3782	294
49	3783	294
49	3784	294
49	3785	294
49	3786	294
49	3787	294
49	3788	294
49	3789	294
49	3790	294
49	3791	294
49	3792	294
49	3793	294
49	3794	294
49	3795	294
49	3796	294
49	3797	294
49	3798	294
49	3799	294
49	3800	294
49	3801	294
49	3802	294
49	3803	294
49	3804	294
49	3805	294
49	3806	294
49	3807	294
49	3808	294
49	3809	294
49	3810	294
49	3811	294
49	3812	294
49	3813	294
49	3814	294
49	3815	294
49	3816	294
49	3817	294
49	3818	294
49	3819	294
49	3820	294
49	3821	294
49	3822	294
49	3823	294
49	3824	294
49	3825	294
49	3826	294
49	3827	294
49	3828	294
49	3829	294
49	3830	294
49	3831	294
49	3832	294
49	3833	294
49	3834	294
49	3835	294
49	3836	294
49	3837	294
49	3838	294
49	3839	294
49	3840	294
49	3841	294
49	3842	294
49	3843	294
49	3844	294
49	3845	294
49	3846	294
49	3847	294
49	3848	294
49	3849	294
49	3850	294
49	3851	294
49	3852	294
49	3853	294
49	3854	294
49	3855	294
49	3856	294
49	3857	294
49	3858	294
49	3859	294
49	3860	294
49	3861	294
49	3862	294
49	3863	294
49	3864	294
49	3865	294
49	3866	294
49	3867	294
49	3868	294
49	3869	294
49	3870	294
49	3871	294
49	3872	294
49	3873	294
49	3874	294
49	3875	294
49	3876	294
49	3877	294
49	3878	294
49	3879	294
49	3880	294
49	3881	294
49	3882	294
49	3883	294
49	3884	294
49	3885	294
49	3886	294
49	3887	294
49	3888	294
49	3889	294
49	3890	294
49	3891	294
49	3892	294
49	3893	294
49	3894	294
49	3895	294
49	3896	294
49	3897	294
49	3898	294
49	3899	294
49	3900	294
49	3901	294
49	3902	294
49	3903	294
49	3904	294
49	3905	294
49	3906	294
49	3907	294
49	3908	294
49	3909	294
49	3910	294
49	3911	294
49	3912	294
49	3913	294
49	3914	294
49	3915	294
49	3916	294
49	3917	294
49	3918	294
49	3919	294
49	3920	294
49	3921	294
49	3922	294
49	3923	294
49	3924	294
49	3925	294
49	3926	294
49	3927	294
49	3928	294
49	3929	294
49	3930	294
49	3931	294
49	3932	294
49	3933	294
49	3934	294
49	3935	294
49	3936	294
49	3937	294
49	3938	294
49	3939	294
49	3940	294
49	3941	294
49	3942	294
49	3943	294
49	3944	294
49	3945	294
49	3946	294
49	3947	294
49	3948	294
49	3949	294
49	3950	294
49	3951	294
49	3952	294
49	3953	294
49	3954	294
49	3955	294
49	3956	294
49	3957	294
49	3958	294
49	3959	294
49	3960	294
49	3961	294
49	3962	294
49	3963	294
49	3964	294
49	3965	294
49	3966	294
49	3967	294
49	3968	294
49	3969	294
49	3970	294
49	3971	294
49	3972	294
49	3973	294
49	3974	294
49	3975	294
49	3976	294
49	3977	294
49	3978	294
49	3979	294
49	3980	294
49	3981	294
49	3982	294
49	3983	294
49	3984	294
49	3985	294
49	3986	294
49	3987	294
49	3988	294
49	3989	294
49	3990	294
49	3991	294
49	3992	294
49	3993	294
49	3994	294
49	3995	294
49	3996	294
49	3997	294
49	3998	294
49	3999	294
49	4000	294
49	4001	294
49	4002	294
49	4003	294
49	4004	294
49	4005	294
49	4006	294
49	4007	294
49	4008	294
49	4009	294
49	4010	294
49	4011	294
49	4012	294
49	4013	294
49	4014	294
49	4015	294
49	4016	294
49	4017	294
49	4018	294
49	4019	294
49	4020	294
49	4021	294
49	4022	294
49	4023	294
49	4024	294
49	4025	294
49	4026	294
49	4027	294
49	4028	294
49	4029	294
49	4030	294
49	4031	294
49	4032	294
49	4033	294
49	4034	294
49	4035	294
49	4036	294
49	4037	294
49	4038	294
49	4039	294
49	4040	294
49	4041	294
49	4042	294
49	4043	294
49	4044	294
49	4045	294
49	4046	294
49	4047	294
49	4048	294
49	4049	294
49	4050	294
49	4051	294
49	4052	294
49	4053	294
49	4054	294
49	4055	294
49	4056	294
49	4057	294
49	4058	294
49	4059	294
49	4060	294
49	4061	294
49	4062	294
49	4063	294
49	4064	294
49	4065	294
49	4066	294
49	4067	294
49	4068	294
49	4069	294
49	4070	294
49	4071	294
49	4072	294
49	4073	294
49	4074	294
49	4075	294
49	4076	294
49	4077	294
49	4078	294
49	4079	294
49	4080	294
49	4081	294
49	4082	294
49	4083	294
49	4084	294
49	4085	294
49	4086	294
49	4087	294
49	4088	294
49	4089	294
49	4090	294
49	4091	294
49	4092	294
49	4093	294
49	4094	294
49	4095	294
49	4096	294
49	4097	294
49	4098	294
49	4099	294
49	4100	294
49	4101	294
49	4102	294
49	4103	294
49	4104	294
49	4105	294
49	4106	294
49	4107	294
49	4108	294
49	4109	294
49	4110	294
49	4111	294
49	4112	294
49	4113	294
49	4114	294
49	4115	294
49	4116	294
49	4117	294
49	4118	294
49	4119	294
49	4120	294
49	4121	294
49	4122	294
49	4123	294
49	4124	294
49	4125	294
49	4126	294
49	4127	294
49	4128	294
49	4129	294
49	4130	294
49	4131	294
49	4132	294
49	4133	294
49	4134	294
49	4135	294
49	4136	294
49	4137	294
49	4138	294
49	4139	294
49	4140	294
49	4141	294
49	4142	294
49	4143	294
49	4144	294
49	4145	294
49	4146	294
49	4147	294
49	4148	294
49	4149	294
49	4150	294
49	4151	294
49	4152	294
49	4153	294
49	4154	294
49	4155	294
49	4156	294
49	4157	294
49	4158	294
49	4159	294
49	4160	294
49	4161	294
49	4162	294
49	4163	294
49	4164	294
49	4165	294
49	4166	294
49	4167	294
49	4168	294
49	4169	294
49	4170	294
49	4171	294
49	4172	294
49	4173	294
49	4174	294
49	4175	294
49	4176	294
49	4177	294
49	4178	294
49	4179	294
49	4180	294
49	4181	294
49	4182	294
49	4183	294
49	4184	294
49	4185	294
49	4186	294
49	4187	294
49	4188	294
49	4189	294
49	4190	294
49	4191	294
49	4192	294
49	4193	294
49	4194	294
49	4195	294
49	4196	294
49	4197	294
49	4198	294
49	4199	294
49	4200	294
49	4201	294
49	4202	294
49	4203	294
49	4204	294
49	4205	294
49	4206	294
49	4207	294
49	4208	294
49	4209	294
49	4210	294
49	4211	294
49	4212	294
49	4213	294
49	4214	294
49	4215	294
49	4216	294
49	4217	294
49	4218	294
49	4219	294
49	4220	294
49	4221	294
49	4222	294
49	4223	294
49	4224	294
49	4225	294
49	4226	294
49	4227	294
49	4228	294
49	4229	294
49	4230	294
49	4231	294
49	4232	294
49	4233	294
49	4234	294
49	4235	294
49	4236	294
49	4237	294
49	4238	294
49	4239	294
49	4240	294
49	4241	294
49	4242	294
49	4243	294
49	4244	294
49	4245	294
49	4246	294
49	4247	294
49	4248	294
49	4249	294
49	4250	294
49	4251	294
49	4252	294
49	4253	294
49	4254	294
49	4255	294
49	4256	294
49	4257	294
49	4258	294
49	4259	294
49	4260	294
49	4261	294
49	4262	294
49	4263	294
49	4264	294
49	4265	294
49	4266	294
49	4267	294
49	4268	294
49	4269	294
49	4270	294
49	4271	294
49	4272	294
49	4273	294
49	4274	294
49	4275	294
49	4276	294
49	4277	294
49	4278	294
49	4279	294
49	4280	294
49	4281	294
49	4282	294
49	4283	294
49	4284	294
49	4285	294
49	4286	294
49	4287	294
49	4288	294
49	4289	294
49	4290	294
49	4291	294
49	4292	294
49	4293	294
49	4294	294
49	4295	294
49	4296	294
49	4297	294
49	4298	294
49	4299	294
49	4300	294
49	4301	294
49	4302	294
49	4303	294
49	4304	294
49	4305	294
49	4306	294
49	4307	294
49	4308	294
49	4309	294
49	4310	294
49	4311	294
49	4312	294
49	4313	294
49	4314	294
49	4315	294
49	4316	294
49	4317	294
49	4318	294
49	4319	294
49	4320	294
49	4321	294
49	4322	294
49	4323	294
49	4324	294
49	4325	294
49	4326	294
49	4327	294
49	4328	294
49	4329	294
49	4330	294
49	4331	294
49	4332	294
49	4333	294
49	4334	294
49	4335	294
49	4336	294
49	4337	294
49	4338	294
49	4339	294
49	4340	294
49	4341	294
49	4342	294
49	4343	294
49	4344	294
49	4345	294
49	4346	294
49	4347	294
49	4348	294
49	4349	294
49	4350	294
49	4351	294
49	4352	294
49	4353	294
49	4354	294
49	4355	294
49	4356	294
49	4357	294
49	4358	294
49	4359	294
49	4360	294
49	4361	294
49	4362	294
49	4363	294
49	4364	294
49	4365	294
49	4366	294
49	4367	294
49	4368	294
49	4369	294
49	4370	294
49	4371	294
49	4372	294
49	4373	294
49	4374	294
49	4375	294
49	4376	294
49	4377	294
49	4378	294
49	4379	294
49	4380	294
49	4381	294
49	4382	294
49	4383	294
49	4384	294
49	4385	294
49	4386	294
49	4387	294
49	4388	294
49	4389	294
49	4390	294
49	4391	294
49	4392	294
49	4393	294
49	4394	294
49	4395	294
49	4396	294
49	4397	294
49	4398	294
49	4399	294
49	4400	294
49	4401	294
49	4402	294
49	4403	294
49	4404	294
49	4405	294
49	4406	294
49	4407	294
49	4408	294
49	4409	294
49	4410	294
49	4411	294
49	4412	294
49	4413	294
49	4414	294
49	4415	294
49	4416	294
49	4417	294
49	4418	294
49	4419	294
49	4420	294
49	4421	294
49	4422	294
49	4423	294
49	4424	294
49	4425	294
49	4426	294
49	4427	294
49	4428	294
49	4429	294
49	4430	294
49	4431	294
49	4432	294
49	4433	294
49	4434	294
49	4435	294
49	4436	294
49	4437	294
49	4438	294
49	4439	294
49	4440	294
49	4441	294
49	4442	294
49	4443	294
49	4444	294
49	4445	294
49	4446	294
49	4447	294
49	4448	294
49	4449	294
49	4450	294
49	4451	294
49	4452	294
49	4453	294
49	4454	294
49	4455	294
49	4456	294
49	4457	294
49	4458	294
49	4459	294
49	4460	294
49	4461	294
49	4462	294
49	4463	294
49	4464	294
49	4465	294
49	4466	294
49	4467	294
49	4468	294
49	4469	294
49	4470	294
49	4471	294
49	4472	294
49	4473	294
49	4474	294
49	4475	294
49	4476	294
49	4477	294
49	4478	294
49	4479	294
49	4480	294
49	4481	294
49	4482	294
49	4483	294
49	4484	294
49	4485	294
49	4486	294
49	4487	294
49	4488	294
49	4489	294
49	4490	294
49	4491	294
49	4492	294
49	4493	294
49	4494	294
49	4495	294
49	4496	294
49	4497	294
49	4498	294
49	4499	294
49	4500	294
49	4501	294
49	4502	294
49	4503	294
49	4504	294
49	4505	294
49	4506	294
49	4507	294
49	4508	294
49	4509	294
49	4510	294
49	4511	294
49	4512	294
49	4513	294
49	4514	294
49	4515	294
49	4516	294
49	4517	294
49	4518	294
49	4519	294
49	4520	294
49	4521	294
49	4522	294
49	4523	294
49	4524	294
49	4525	294
49	4526	294
49	4527	294
49	4528	294
49	4529	294
49	4530	294
49	4531	294
49	4532	294
49	4533	294
49	4534	294
49	4535	294
49	4536	294
49	4537	294
49	4538	294
49	4539	294
49	4540	294
49	4541	294
49	4542	294
49	4543	294
49	4544	294
49	4545	294
49	4546	294
49	4547	294
49	4548	294
49	4549	294
49	4550	294
49	4551	294
49	4552	294
49	4553	294
49	4554	294
49	4555	294
49	4556	294
49	4557	294
49	4558	294
49	4559	294
49	4560	294
49	4561	294
49	4562	294
49	4563	294
49	4564	294
49	4565	294
49	4566	294
49	4567	294
49	4568	294
49	4569	294
49	4570	294
49	4571	294
49	4572	294
49	4573	294
49	4574	294
49	4575	294
49	4576	294
49	4577	294
49	4578	294
49	4579	294
49	4580	294
49	4581	294
49	4582	294
49	4583	294
49	4584	294
49	4585	294
49	4586	294
49	4587	294
49	4588	294
49	4589	294
49	4590	294
49	4591	294
49	4592	294
49	4593	294
49	4594	294
49	4595	294
49	4596	294
49	4597	294
49	4598	294
49	4599	294
49	4600	294
49	4601	294
49	4602	294
49	4603	294
49	4604	294
49	4605	294
49	4606	294
49	4607	294
49	4608	294
49	4609	294
49	4610	294
49	4611	294
49	4612	294
49	4613	294
49	4614	294
49	4615	294
49	4616	294
49	4617	294
49	4618	294
49	4619	294
49	4793	294
49	4794	294
49	4795	294
49	4796	294
49	4797	294
49	4798	294
49	4799	294
49	4800	294
49	4801	294
49	4802	294
49	4803	294
49	4804	294
49	4805	294
49	4806	294
49	4807	294
49	4808	294
49	4809	294
49	4810	294
49	4811	294
49	4812	294
49	4813	294
49	4814	294
49	4815	294
49	4816	294
49	4817	294
49	4818	294
49	4819	294
49	4820	294
49	4821	294
49	4822	294
49	4823	294
49	4824	294
49	4825	294
49	4826	294
49	4827	294
49	4828	294
49	4829	294
49	4830	294
49	4831	294
49	4832	294
49	4833	294
49	4834	294
49	4835	294
49	4836	294
49	4837	294
49	4838	294
49	4839	294
49	4840	294
49	4841	294
49	4842	294
49	4843	294
49	4844	294
49	4845	294
49	4846	294
49	4847	294
49	4848	294
49	4849	294
49	4850	294
49	4851	294
49	4852	294
49	4853	294
49	4854	294
49	4855	294
49	4856	294
49	4857	294
49	4858	294
49	4859	294
49	4860	294
49	4861	294
49	4862	294
49	4863	294
49	4864	294
49	4865	294
49	4866	294
49	4867	294
49	4868	294
49	4869	294
49	4870	294
49	4871	294
49	4872	294
49	4873	294
49	4874	294
49	4875	294
49	4876	294
49	4877	294
49	4878	294
49	4879	294
49	4880	294
49	4881	294
49	4882	294
49	4883	294
49	4884	294
49	4885	294
49	4886	294
49	4887	294
49	4888	294
49	4889	294
49	4890	294
49	4891	294
49	4892	294
49	4893	294
49	4894	294
49	4895	294
49	4896	294
49	4897	294
49	4898	294
49	4899	294
49	4900	294
49	4901	294
49	4902	294
49	4903	294
49	4904	294
49	4905	294
49	4906	294
49	4907	294
49	4908	294
49	4909	294
49	4910	294
49	4911	294
49	4912	294
49	4913	294
49	4914	294
49	4915	294
49	4916	294
49	4917	294
49	4918	294
49	4919	294
49	4920	294
49	4921	294
49	4922	294
49	4923	294
49	4924	294
49	4925	294
49	4926	294
49	4927	294
49	4928	294
49	4929	294
49	4930	294
49	4931	294
49	4932	294
49	4933	294
49	4934	294
49	4935	294
49	4936	294
49	4937	294
49	4938	294
49	4939	294
49	4940	294
49	4941	294
49	4942	294
49	4943	294
49	4944	294
49	4945	294
49	4946	294
49	4947	294
49	4948	294
49	4949	294
49	4950	294
49	4951	294
49	4952	294
49	4953	294
49	4954	294
49	4955	294
49	4956	294
49	4957	294
49	4958	294
49	4959	294
49	4960	294
49	4961	294
49	4962	294
49	4963	294
49	4964	294
49	4965	294
49	4966	294
49	4967	294
49	4968	294
49	4969	294
49	4970	294
49	4971	294
49	4972	294
49	4973	294
49	4974	294
49	4975	294
49	4976	294
49	4977	294
49	4978	294
49	4979	294
49	4980	294
49	4981	294
49	4982	294
49	4983	294
49	4984	294
49	4985	294
49	4986	294
49	4987	294
49	4988	294
49	4989	294
49	4990	294
49	4991	294
49	4992	294
49	4993	294
49	4994	294
49	4995	294
49	4996	294
49	4997	294
49	4998	294
49	4999	294
